Meranie: 0
0;2;1.3
1;2;1.4
2;4;1.55
3;2;1.35
4;2;1.55
5;3;1.55
6;2;1.55
7;3;1.55
8;2;1.5
9;3;1.55
10;2;1.4
11;3;1.55
12;2;1.6
13;2;1.6
14;2;1.45
15;2;1.35
16;2;1.4
17;3;1.6
18;2;1.7
19;4;1.7
20;2;1.35
21;3;1.85
22;3;1.75
23;3;1.5
24;2;1.7
25;3;1.75
26;3;1.65
27;4;1.85
28;2;1.4
29;3;1.6
30;3;1.45
31;2;1.65
32;4;1.65
33;2;1.4
34;2;1.6
35;3;1.45
36;3;1.65
37;3;1.5
38;3;1.7
39;3;1.65
40;3;1.65
41;3;1.7
42;3;1.55
43;2;1.3
44;2;1.6
45;3;1.85
46;2;1.6
47;2;1.45
48;4;1.7
49;2;1.45
50;2;1.4
51;2;1.6
52;2;1.45
53;2;1.5
54;3;1.55
55;3;1.8
56;3;1.6
57;2;1.65
58;2;1.6
59;2;1.65
60;2;1.45
61;3;1.3
62;2;1.45
63;3;1.55
64;3;1.7
65;3;1.4
66;2;1.75
67;2;1.6
68;2;1.5
69;2;1.4
70;2;1.5
71;2;1.45
72;2;1.25
73;3;2.0
74;2;1.6
75;3;1.5
76;3;1.8
77;2;1.5
78;3;1.55
79;2;1.65
80;3;1.7
81;3;1.65
82;2;1.3
83;3;1.45
84;2;1.5
85;3;1.8
86;3;1.6
87;3;1.65
88;3;1.75
89;2;1.35
90;3;1.5
91;3;1.6
92;3;1.55
93;2;1.45
94;2;1.55
95;2;1.6
96;2;1.5
97;3;1.85
98;3;1.65
99;3;1.65
100;2;1.75
101;2;1.6
102;3;1.65
103;3;1.85
104;3;1.75
105;4;1.9
106;3;1.65
107;2;1.55
108;3;1.45
109;2;1.3
110;2;1.7
111;2;1.6
112;2;1.45
113;2;1.45
114;3;1.6
115;2;1.4
116;3;1.55
117;3;1.45
118;3;1.55
119;3;1.5
120;2;1.35
121;2;1.45
122;3;1.6
123;3;1.4
124;2;1.4
125;3;1.75
126;2;1.4
127;2;1.4
128;2;1.2
129;4;1.65
130;2;1.45
131;2;1.6
132;3;1.85
133;3;1.5
134;2;1.55
135;2;1.45
136;3;1.6
137;2;1.35
138;2;1.45
139;2;1.45
140;2;1.25
141;2;1.45
142;2;1.35
143;3;1.4
144;2;1.45
145;3;1.55
146;3;1.55
147;2;1.4
148;3;1.75
149;2;1.25
150;3;1.5
151;2;1.3
152;2;1.35
153;3;1.7
154;3;1.65
155;4;1.95
156;2;1.35
157;2;1.25
158;2;1.3
159;2;1.25
160;2;1.3
161;2;1.2
162;3;1.65
163;2;1.5
164;3;1.95
165;1;1.05
166;2;1.3
167;2;1.3
168;2;1.3
169;2;1.25
170;2;1.25
171;2;1.35
172;2;1.35
173;2;1.4
174;2;1.5
175;3;1.55
176;2;1.4
177;2;1.3
178;2;1.45
179;3;1.75
180;2;1.15
181;3;1.55
182;2;1.25
183;2;1.25
184;2;1.25
185;2;1.5
186;2;1.35
187;2;1.35
188;3;1.5
189;2;1.6
190;2;1.45
191;2;1.2
192;3;1.5
193;3;1.35
194;2;1.25
195;2;1.3
196;2;1.25
197;3;1.4
198;2;1.3
199;2;1.4
200;3;1.35
201;2;1.35
202;3;1.45
203;2;1.65
204;3;1.4
205;4;1.6
206;3;1.45
207;3;1.55
208;2;1.3
209;2;1.4
210;2;1.4
211;3;1.55
212;2;1.35
213;2;1.45
214;2;1.45
215;3;1.5
216;2;1.45
217;2;1.45
218;3;1.75
219;2;1.3
220;2;1.4
221;3;1.6
222;3;1.7
223;3;1.5
224;3;1.45
225;2;1.35
226;2;1.55
227;2;1.7
228;2;1.5
229;3;1.6
230;2;1.3
231;3;1.9
232;4;1.7
233;2;1.5
234;2;1.4
235;3;1.35
236;2;1.5
237;3;1.55
238;3;1.4
239;3;1.7
240;2;1.6
241;2;1.6
242;2;1.5
243;2;1.4
244;4;1.55
245;3;1.3
246;3;1.45
247;3;1.9
248;3;1.45
249;3;1.6
250;2;1.55
251;3;1.7
252;2;1.5
253;3;1.4
254;2;1.2
255;3;1.6
256;2;1.4
257;2;1.5
258;2;1.45
259;2;1.45
Meranie: 1
0;2;1.5
1;2;1.6
2;2;1.6
3;2;1.35
4;2;1.55
5;2;1.65
6;2;1.35
7;3;1.65
8;3;1.45
9;3;1.9
10;2;1.55
11;2;1.6
12;3;1.6
13;4;1.75
14;3;1.75
15;3;1.7
16;2;1.45
17;2;1.5
18;3;1.75
19;3;1.65
20;2;1.5
21;3;1.8
22;2;1.5
23;2;1.3
24;3;1.6
25;3;1.75
26;2;1.65
27;3;1.45
28;2;1.6
29;4;2.0
30;2;1.7
31;3;1.6
32;3;1.6
33;2;1.45
34;3;1.8
35;3;1.55
36;3;1.65
37;3;2.0
38;3;1.65
39;3;1.45
40;3;1.6
41;2;1.65
42;3;1.4
43;3;1.65
44;3;1.8
45;3;2.0
46;3;2.05
47;3;1.7
48;2;1.5
49;4;1.85
50;2;1.5
51;2;1.5
52;3;1.8
53;3;1.8
54;2;1.35
55;3;1.55
56;3;1.75
57;3;1.6
58;2;1.4
59;3;1.65
60;3;1.65
61;3;1.6
62;3;1.35
63;3;1.65
64;3;1.5
65;2;1.25
66;2;1.4
67;4;1.95
68;3;1.75
69;2;1.4
70;2;1.4
71;2;1.5
72;2;1.45
73;4;1.85
74;3;1.75
75;3;1.7
76;2;1.55
77;3;1.75
78;3;1.7
79;2;1.25
80;3;1.6
81;2;1.45
82;2;1.4
83;3;1.75
84;3;1.65
85;3;1.65
86;3;1.5
87;2;1.5
88;2;1.55
Meranie: 2
0;2;1.3
1;2;1.4
2;2;1.6
3;3;1.65
4;2;1.3
5;3;1.65
6;2;1.9
7;3;1.55
8;3;1.65
9;3;1.6
10;2;1.3
11;2;1.3
12;3;1.6
13;2;1.35
14;2;1.55
15;2;1.7
16;2;1.45
17;4;1.6
18;2;1.35
19;3;1.45
20;4;1.55
21;2;1.45
22;2;1.55
23;3;1.6
24;2;1.65
25;3;1.3
26;2;1.25
27;2;1.25
28;3;1.6
29;2;1.4
30;2;1.35
31;2;1.4
32;3;1.95
33;3;1.55
34;3;1.6
35;3;1.55
36;2;1.35
37;3;1.55
38;2;1.4
39;2;1.65
40;3;1.6
41;3;1.7
42;2;1.65
43;2;1.55
44;2;1.65
45;3;1.4
46;3;1.4
47;3;1.5
48;2;1.35
49;3;1.4
50;2;1.5
51;2;1.6
52;2;1.45
53;2;1.25
54;2;1.45
55;3;1.7
56;2;1.4
57;2;1.4
58;2;1.4
59;2;1.65
60;2;1.3
61;3;1.25
62;2;1.4
63;2;1.3
64;2;1.3
65;3;1.5
66;2;1.4
67;3;1.5
68;3;1.35
69;2;1.5
70;3;1.75
71;3;1.45
72;2;1.4
73;2;1.3
74;2;1.45
75;2;1.2
76;2;1.6
77;2;1.2
78;2;1.15
79;2;1.35
80;2;1.35
81;2;1.55
82;2;1.5
83;2;1.1
84;3;1.4
85;2;1.35
86;3;1.75
87;3;1.55
88;4;1.75
89;3;1.45
90;2;1.65
91;2;1.45
Meranie: 3
0;2;1.45
1;2;1.7
2;2;1.55
3;2;1.5
4;2;1.6
5;3;1.9
6;2;1.9
7;2;1.7
8;3;1.8
9;2;1.65
10;3;1.75
11;2;1.75
12;2;1.5
13;3;1.75
14;3;2.3
15;2;1.7
16;3;1.7
17;2;1.65
18;2;1.5
19;4;1.4
20;2;1.6
21;3;1.65
22;2;1.6
23;2;1.5
24;4;1.9
25;2;1.7
26;3;1.8
27;2;1.25
28;3;1.75
29;3;1.5
30;4;1.5
31;3;1.7
32;2;1.6
33;3;1.65
34;2;1.55
35;2;1.6
36;2;1.4
37;3;1.55
38;2;1.5
39;3;1.7
40;2;1.4
41;2;1.45
42;2;1.3
43;2;1.55
44;3;1.65
45;3;1.65
46;3;1.55
47;3;1.55
48;2;1.35
49;3;1.55
50;2;1.5
51;3;1.65
52;2;1.25
53;2;1.3
54;3;1.6
55;4;1.6
56;2;1.4
57;3;1.45
58;2;1.4
59;2;1.6
Meranie: 4
0;3;1.85
1;3;1.75
2;2;1.4
3;2;1.55
4;2;1.4
5;2;1.6
6;2;1.3
7;2;1.75
8;3;1.75
9;3;1.4
10;2;1.35
11;2;1.6
12;3;2.0
13;2;1.5
14;2;1.5
15;2;1.6
16;2;1.55
17;3;1.6
18;2;1.55
19;2;1.6
20;4;1.55
21;2;1.6
22;2;1.3
23;3;1.85
24;3;1.25
25;2;1.3
26;3;1.7
27;2;1.35
28;2;1.7
29;3;1.6
30;2;1.2
31;3;1.65
32;3;1.45
33;2;1.55
34;3;1.75
35;2;1.3
36;2;1.6
37;2;1.5
38;2;1.5
39;2;1.55
40;3;1.9
41;2;1.25
42;2;1.35
43;2;1.3
44;3;1.6
45;2;1.4
46;3;1.5
47;3;1.5
48;2;1.3
49;2;1.45
50;3;1.55
51;2;1.45
52;2;1.5
53;3;1.4
54;2;1.4
55;3;1.75
56;2;1.6
57;3;1.7
58;2;1.55
59;2;1.45
60;2;1.5
61;2;1.55
62;2;1.55
63;3;1.5
64;2;1.3
65;2;1.45
66;4;1.7
67;2;1.3
68;2;1.35
69;2;1.2
70;3;1.35
71;2;1.55
72;2;1.4
73;3;1.55
74;2;1.45
75;2;1.25
76;2;1.5
77;2;1.4
78;2;1.45
79;3;1.5
80;3;1.65
81;2;1.45
82;3;1.4
83;2;1.35
84;3;1.8
85;3;1.85
86;3;1.55
87;3;1.6
88;2;1.8
89;3;1.45
90;2;1.45
91;3;1.55
92;2;1.4
93;4;1.45
94;2;1.95
95;2;1.5
96;3;1.3
97;4;1.65
98;2;1.55
99;3;1.55
100;3;1.45
101;2;1.55
102;2;1.55
103;3;1.5
104;4;1.55
105;3;1.35
106;2;1.4
107;2;1.45
108;3;1.5
109;2;1.55
110;2;1.5
111;2;1.3
112;3;1.5
113;2;1.4
114;4;1.6
115;2;1.35
116;2;1.55
117;3;1.35
118;2;1.3
119;3;1.8
120;3;1.45
121;3;1.65
122;3;1.45
123;2;1.55
124;2;1.45
125;3;1.45
126;2;1.5
127;3;1.7
128;2;1.6
129;2;1.35
130;3;1.5
131;2;1.2
132;2;1.15
133;3;1.6
134;2;1.45
135;3;1.4
136;2;1.25
137;2;1.45
138;2;1.7
139;3;1.55
140;4;1.3
141;3;1.35
142;2;1.3
143;2;1.45
144;3;1.45
145;2;1.65
146;3;1.5
147;2;1.45
148;2;1.4
149;3;1.35
150;2;1.35
151;3;1.7
152;3;1.65
153;2;1.4
154;3;1.55
155;3;1.3
156;2;1.45
157;3;1.6
158;2;1.7
159;3;1.5
160;3;1.4
161;2;1.3
162;2;1.65
163;2;1.55
164;3;1.5
165;2;1.45
166;2;1.5
167;3;1.65
168;2;1.25
169;3;1.5
170;3;1.5
171;4;1.6
172;2;1.55
173;3;1.65
174;3;1.6
175;2;1.4
176;2;1.4
177;2;1.25
178;4;1.55
179;3;1.85
180;4;1.35
181;2;1.35
182;2;1.5
183;3;1.3
184;2;1.2
185;2;1.45
186;2;1.65
187;2;1.45
188;3;1.4
189;2;1.45
190;2;1.3
191;2;1.55
192;3;1.5
193;3;1.6
194;3;1.65
195;2;1.35
196;2;1.5
197;2;1.5
198;2;1.4
199;2;1.35
200;2;1.35
201;3;1.5
202;2;1.55
203;2;1.45
204;3;1.65
205;3;1.65
206;2;1.6
207;2;1.4
208;2;1.25
209;2;1.55
210;3;1.65
211;2;1.65
212;3;2.0
213;2;1.55
214;2;1.55
215;2;1.45
216;3;1.55
217;2;1.4
218;2;1.3
219;3;1.65
220;3;1.4
221;3;1.3
222;2;1.65
223;3;1.35
224;2;1.45
225;3;1.35
226;4;1.65
227;2;1.5
228;2;1.6
229;3;1.55
230;4;1.8
231;3;1.3
232;3;1.7
233;3;1.5
234;3;1.45
235;2;1.25
236;3;1.6
237;3;1.7
238;3;1.55
239;2;1.75
240;3;1.55
241;2;1.5
242;2;1.6
243;3;1.65
244;2;1.4
245;3;1.35
246;3;1.45
247;2;1.45
248;3;1.65
249;3;1.45
250;4;1.85
251;2;1.4
252;4;1.6
253;2;1.6
254;3;1.5
255;2;1.55
256;3;1.6
257;3;1.75
258;2;1.6
259;2;1.25
260;2;1.5
261;2;1.35
262;2;1.55
263;4;1.4
264;2;1.4
265;2;1.45
266;3;1.6
267;3;1.5
268;2;1.45
269;3;1.55
270;3;1.65
271;2;1.35
272;3;1.55
273;2;1.55
274;3;1.7
275;2;1.45
276;3;1.85
277;2;1.2
Meranie: 5
0;2;1.6
1;2;1.5
2;2;1.35
3;2;1.4
4;2;1.4
5;2;1.55
6;2;1.5
7;3;1.45
8;4;1.7
9;2;1.4
10;3;1.7
11;2;1.45
12;4;1.7
13;2;1.65
14;3;1.85
15;2;1.45
16;2;1.5
17;3;1.55
18;2;1.6
19;2;1.5
20;2;1.35
21;2;1.6
22;3;1.45
23;2;1.65
24;4;1.75
25;3;1.45
26;3;1.55
27;4;1.85
28;3;1.5
29;3;1.6
30;2;1.4
31;2;1.45
32;2;1.5
33;2;1.65
34;2;1.4
35;3;1.65
36;2;1.5
37;3;1.75
38;3;1.55
39;2;1.5
40;3;1.6
41;2;1.3
42;3;1.45
43;3;1.5
44;2;1.4
45;3;1.35
46;2;1.45
47;2;1.35
48;3;1.55
49;2;1.45
50;3;1.85
51;3;1.5
52;2;1.65
53;2;1.55
54;3;1.85
55;2;1.55
56;2;1.35
57;2;1.55
58;2;1.6
59;2;1.45
60;2;1.45
61;3;1.65
62;2;1.45
63;2;1.5
64;4;1.55
65;2;1.25
66;2;1.65
67;2;1.35
68;2;1.75
69;2;1.4
70;3;1.7
71;3;1.6
72;2;1.4
73;2;1.35
74;4;1.7
75;3;1.6
76;2;1.55
77;3;1.45
78;2;1.25
79;2;1.35
80;4;1.45
81;2;1.25
82;2;1.45
83;3;1.55
84;2;1.55
85;2;1.55
86;3;1.5
87;2;1.35
88;3;1.7
89;2;1.45
90;2;1.85
91;2;1.35
92;4;1.7
93;2;1.5
94;2;1.3
95;2;1.6
96;3;1.55
97;2;1.6
98;2;1.75
99;2;1.55
100;3;1.5
101;2;1.3
102;3;1.7
103;3;1.85
104;4;1.95
105;2;1.4
106;3;1.85
107;2;1.6
108;2;1.4
109;3;1.6
110;2;1.45
111;3;1.75
112;2;1.4
113;3;1.75
114;2;1.25
115;3;1.8
116;3;1.65
117;2;1.5
118;2;1.25
119;2;1.65
120;2;1.45
121;2;1.4
122;3;1.55
123;2;1.35
124;3;1.5
125;2;1.7
126;3;1.45
127;3;1.5
128;2;1.5
129;2;1.25
130;3;1.55
131;2;1.65
132;2;1.4
133;2;1.5
134;3;1.35
135;3;1.6
136;2;1.45
137;2;1.5
138;2;1.3
139;2;1.45
140;2;1.7
141;2;1.35
142;2;1.45
143;4;1.8
144;2;1.75
145;2;1.35
146;2;1.5
147;4;1.5
148;2;1.65
149;2;1.55
150;3;1.7
151;3;1.75
152;3;1.85
153;2;1.4
154;2;1.55
155;2;1.55
156;2;1.5
157;2;1.35
158;3;1.55
159;3;1.5
160;2;1.5
161;2;1.3
162;3;1.55
163;2;1.85
164;3;1.8
165;3;1.55
166;3;1.85
167;3;1.6
168;2;1.5
169;3;1.5
170;2;1.5
171;3;1.75
172;3;1.55
173;2;1.4
174;3;1.8
175;3;1.55
176;2;1.45
177;4;1.95
178;2;1.6
179;2;1.75
180;3;1.6
181;2;1.45
182;2;1.65
183;3;1.55
184;3;1.45
185;3;1.75
186;3;1.5
187;2;1.4
188;3;1.8
189;3;1.7
190;4;2.1
191;3;1.75
192;3;1.95
193;3;1.85
194;3;1.95
195;2;1.45
196;3;1.55
197;3;2.05
198;2;1.35
199;3;1.75
200;3;1.55
201;2;1.25
202;2;1.25
203;4;1.65
204;2;1.35
205;4;1.75
206;2;1.45
207;3;1.75
208;2;1.45
209;2;1.6
210;3;1.5
211;3;1.4
212;2;1.5
213;2;1.15
214;2;1.45
215;2;1.45
216;3;1.8
217;3;1.55
218;3;1.5
219;3;1.6
220;3;1.7
221;3;1.6
222;3;1.7
223;3;1.5
224;2;1.2
225;2;1.5
226;2;1.55
227;2;1.65
228;2;1.5
229;3;2.15
230;3;1.45
231;2;1.35
232;3;1.65
233;3;1.45
234;2;1.25
235;3;1.85
236;2;1.6
237;3;1.55
238;3;1.6
239;3;1.6
240;2;1.35
241;2;1.4
242;3;1.75
243;3;1.45
244;2;1.65
245;3;1.6
246;2;1.55
247;2;1.4
248;3;1.6
249;3;1.85
250;2;1.35
251;2;1.3
252;3;1.6
253;4;1.6
254;2;1.55
255;2;1.45
256;3;1.55
257;3;1.65
258;2;1.75
259;2;1.75
260;2;1.3
261;3;1.8
262;2;1.5
263;3;1.6
264;3;1.75
265;2;1.55
266;4;1.9
267;2;1.65
268;3;1.6
269;4;1.7
270;3;1.6
271;3;1.55
272;3;1.55
273;3;1.8
274;2;1.6
275;2;1.7
276;3;1.8
277;2;1.5
278;2;1.3
279;2;1.45
280;4;1.55
281;2;1.25
282;2;1.25
283;3;1.85
284;2;1.35
285;3;1.8
286;2;1.55
Meranie: 6
0;3;1.9
1;2;1.55
2;3;1.65
3;2;1.75
4;3;1.5
5;2;1.75
6;2;1.65
7;2;1.75
8;3;1.7
9;3;1.75
10;3;1.45
Meranie: 7
0;2;1.55
1;2;1.4
2;3;1.4
3;2;1.2
4;2;1.65
5;3;1.9
6;3;1.45
7;2;1.7
8;2;1.55
9;4;1.7
10;2;1.5
11;2;1.55
12;2;1.7
13;2;1.4
14;3;1.55
15;2;1.4
16;3;1.75
17;3;1.5
18;2;1.65
19;3;1.9
20;2;1.6
21;2;1.6
22;3;1.65
23;3;1.75
24;3;1.45
25;3;1.55
26;3;1.7
27;2;1.7
28;2;1.85
29;3;1.55
30;2;1.4
31;3;1.7
32;3;1.5
33;3;1.45
34;3;1.4
35;2;1.6
36;2;1.55
37;2;1.45
38;2;1.75
39;3;1.35
40;2;1.4
41;2;1.4
42;2;1.55
43;3;1.25
44;2;1.25
45;2;1.7
46;2;1.25
47;3;1.25
48;3;1.5
49;3;1.5
50;2;1.45
51;2;1.45
52;3;1.35
53;2;1.45
54;2;1.35
55;2;1.55
56;2;1.25
57;3;1.6
58;2;1.4
59;2;1.6
60;2;1.55
61;2;1.4
62;4;1.7
63;3;1.45
64;3;1.55
65;3;1.45
66;3;1.35
67;2;1.35
68;2;1.2
69;3;1.35
70;3;1.5
71;4;1.7
72;3;1.9
73;2;1.6
74;2;1.25
75;2;1.55
76;2;1.55
77;2;1.45
78;3;1.7
79;2;1.3
80;3;1.4
81;3;1.35
82;2;1.45
83;2;1.5
84;2;1.85
85;2;1.35
86;3;1.45
87;2;1.4
88;2;1.35
89;3;1.45
90;2;1.5
91;2;1.3
92;2;1.2
93;2;1.45
94;2;1.45
95;3;1.5
96;2;1.45
97;3;1.7
98;3;1.45
99;2;1.5
100;3;1.6
101;2;1.25
102;3;1.6
103;3;1.4
104;2;1.55
105;2;1.4
106;2;1.2
107;2;1.45
108;2;1.55
109;4;1.5
110;2;1.2
111;3;1.35
112;3;1.6
113;4;1.75
114;2;1.45
115;2;1.55
116;2;1.55
117;4;1.5
118;2;1.55
119;2;1.35
120;3;1.7
121;3;1.45
122;2;1.3
123;3;1.4
124;3;1.65
125;2;1.5
126;2;1.4
127;3;1.45
128;2;1.45
129;4;2.0
130;2;1.3
131;4;1.7
132;3;1.9
133;2;1.4
134;3;1.4
135;2;1.6
136;2;1.35
137;2;1.35
138;2;1.35
139;3;1.75
140;3;1.85
141;2;1.35
142;3;1.6
143;3;1.5
144;4;1.6
145;2;1.45
146;3;1.35
147;2;1.25
148;3;1.65
149;3;1.75
150;3;1.6
151;3;1.85
152;3;1.55
153;2;1.5
154;3;1.5
155;2;1.4
156;2;1.3
157;2;1.65
158;2;1.6
159;3;1.5
160;3;1.65
161;3;1.55
162;2;1.7
163;2;1.3
164;2;1.7
165;2;1.45
166;2;1.4
167;2;1.4
168;2;1.55
169;3;1.5
170;2;1.7
171;4;2.05
172;2;1.7
173;4;1.9
174;3;1.65
175;3;1.3
176;2;1.3
177;3;1.75
178;2;1.65
179;3;1.8
180;3;1.65
181;3;1.65
182;3;1.55
183;2;1.45
184;2;1.4
185;3;1.7
186;3;1.5
187;2;1.4
188;3;1.65
189;4;1.7
190;2;1.5
191;2;1.6
192;3;1.4
193;2;1.55
194;3;1.7
195;2;1.5
196;2;1.6
197;3;1.45
198;3;1.4
199;3;1.35
200;3;1.85
201;3;1.6
202;2;1.65
203;3;1.75
204;3;1.65
205;2;1.45
206;3;1.45
207;3;1.65
208;3;1.75
209;3;1.7
210;3;1.6
211;2;1.4
212;3;1.65
213;2;1.5
214;2;1.75
215;2;1.35
216;3;1.4
217;3;1.5
218;4;1.65
219;3;1.55
220;3;1.85
221;3;1.5
222;3;1.75
223;2;1.35
224;3;1.7
225;2;1.55
226;3;1.6
227;4;1.6
228;3;1.75
229;2;1.5
230;2;1.3
231;3;1.55
232;2;1.45
233;2;1.45
234;2;1.35
235;3;1.55
236;2;1.15
237;4;1.65
238;2;1.25
239;3;1.4
240;2;1.45
241;3;1.25
242;2;1.4
243;3;1.75
244;2;1.6
245;3;1.8
246;3;1.4
247;3;1.45
248;4;1.55
249;2;1.55
250;3;1.45
251;2;1.45
252;2;1.35
253;3;1.45
254;2;1.35
255;2;1.35
256;2;1.35
257;3;1.65
258;2;1.35
259;3;1.3
260;2;1.45
261;2;1.5
262;2;1.1
263;2;1.35
264;2;1.05
265;3;1.25
266;2;1.4
267;4;1.6
268;3;1.65
269;3;1.45
270;2;1.3
271;2;1.4
272;2;1.45
273;2;1.3
274;2;1.45
275;2;1.4
276;2;1.6
277;2;1.3
278;3;1.35
279;3;1.35
280;3;1.25
281;3;1.65
282;3;1.55
283;2;1.3
284;2;1.25
285;2;1.5
286;4;1.55
287;2;1.5
288;3;1.5
289;3;1.4
290;2;1.35
291;2;1.35
292;2;1.4
293;3;1.7
294;2;1.4
295;3;1.8
296;3;1.5
297;3;1.55
298;3;1.55
299;2;1.55
300;2;1.45
301;3;1.55
302;3;1.7
303;2;1.7
304;3;1.4
305;4;1.45
306;2;1.3
307;4;1.65
308;2;1.65
309;2;1.45
310;3;1.45
311;4;1.6
312;2;1.4
313;4;1.8
314;3;1.45
315;3;1.65
316;2;1.8
317;2;1.65
318;2;1.55
319;3;1.55
320;3;1.65
321;3;1.65
322;2;1.45
323;3;1.6
324;3;1.4
325;2;1.7
326;3;1.55
327;2;1.2
328;3;1.45
329;3;1.75
330;2;1.45
331;3;1.6
332;3;1.4
333;3;1.75
334;2;1.75
335;2;1.75
336;2;1.35
337;2;1.55
338;3;1.65
339;2;1.6
340;2;1.4
341;2;1.3
342;2;1.4
343;3;1.7
344;3;1.55
345;3;1.65
346;2;1.5
347;3;1.45
348;3;1.75
349;2;1.25
350;3;1.65
351;3;1.95
352;2;1.5
353;2;1.45
354;2;1.35
355;3;1.5
356;2;1.45
357;2;1.4
358;4;1.55
359;2;1.5
360;2;1.55
361;2;1.3
362;4;1.45
363;3;1.55
364;3;1.75
365;3;1.65
366;2;1.4
367;2;1.3
368;2;1.45
369;2;1.25
370;3;1.65
371;4;1.4
372;2;1.45
373;3;1.6
374;4;1.6
375;2;1.25
376;2;1.35
377;2;1.55
378;3;1.55
379;2;1.55
380;3;1.45
381;4;1.85
382;3;1.85
383;2;1.5
384;2;1.55
385;3;1.4
386;2;1.65
387;2;1.25
388;4;1.6
389;3;1.25
390;3;1.45
391;4;1.75
392;2;1.1
393;3;1.75
394;2;1.45
395;2;1.35
396;2;1.2
397;3;1.55
398;3;1.5
399;3;1.35
400;2;1.45
401;3;1.5
402;3;1.75
403;2;1.35
404;2;1.3
405;2;1.4
406;2;1.6
407;3;1.55
408;3;1.5
409;3;1.65
410;2;1.45
411;3;1.35
412;2;1.3
413;3;1.45
414;2;1.65
415;2;1.45
416;3;1.5
417;3;1.65
418;3;1.7
419;2;1.45
420;2;1.6
421;2;1.4
422;3;1.5
423;3;1.35
424;3;1.45
425;2;1.4
426;3;1.35
427;2;1.45
428;3;1.4
429;3;1.7
430;2;1.5
431;2;1.45
432;4;1.65
433;3;1.6
434;3;1.45
435;3;1.55
436;3;1.35
437;3;1.65
438;3;1.8
439;2;1.65
440;3;1.75
441;2;1.5
442;2;1.5
443;3;1.65
444;2;1.85
445;3;1.45
446;3;1.5
447;2;1.6
448;2;1.4
449;3;1.6
450;2;1.45
451;2;1.35
452;2;1.75
453;2;1.6
454;3;1.5
455;4;1.8
456;2;1.3
457;2;1.45
458;3;1.4
459;2;1.3
460;2;1.45
461;4;1.45
462;2;1.25
463;2;1.3
464;2;1.5
465;2;1.45
466;2;1.35
467;2;1.65
468;2;1.5
469;2;1.6
470;2;1.55
471;2;1.2
472;2;1.5
473;3;1.65
474;4;1.6
475;3;1.45
476;2;1.55
477;2;1.4
478;3;1.6
479;2;1.45
480;3;1.4
481;2;1.6
482;3;1.8
483;3;1.65
484;2;1.55
485;3;1.75
486;2;1.55
487;2;1.3
488;3;1.2
489;2;1.2
490;3;1.75
491;3;1.65
492;3;1.45
493;3;1.7
494;3;1.6
495;2;1.45
496;3;1.4
497;2;1.4
498;3;1.55
499;2;1.7
500;2;1.4
501;3;1.8
502;2;1.55
503;3;1.55
504;3;1.75
505;3;1.7
506;3;1.65
507;2;1.45
508;2;1.55
509;3;1.65
510;2;1.55
511;3;1.65
512;3;1.75
513;3;1.55
514;4;1.6
515;3;1.5
516;2;1.4
517;3;1.6
518;3;1.5
519;2;1.3
520;2;1.4
521;2;1.7
522;2;1.45
523;2;1.6
524;3;1.6
525;2;1.45
526;2;1.45
527;2;1.4
528;2;1.55
529;3;1.6
530;2;1.5
531;2;1.45
532;2;1.45
533;3;1.4
534;2;1.15
535;3;1.35
536;3;1.6
537;2;1.25
538;3;1.25
539;3;1.7
540;2;1.55
541;2;1.4
542;2;1.35
543;2;1.15
544;2;1.35
545;3;1.35
546;2;1.3
547;3;1.45
548;3;1.5
Meranie: 8
0;2;1.6
1;2;1.65
2;2;1.6
3;2;1.7
4;2;1.45
5;2;1.65
6;2;1.4
7;2;1.35
8;2;1.6
9;3;1.75
10;3;1.5
11;2;1.4
12;3;1.7
13;2;1.4
14;3;1.6
15;4;1.65
16;3;1.45
17;2;1.45
18;2;1.5
19;2;1.6
20;2;1.55
21;3;1.35
22;2;1.35
23;3;1.45
24;3;1.55
25;2;1.45
26;3;1.85
27;2;1.5
28;3;1.6
29;2;1.35
30;2;1.45
31;3;1.75
32;2;1.6
33;3;1.7
34;2;1.75
35;3;1.65
36;2;1.75
37;2;1.25
38;2;1.4
39;3;1.7
40;2;1.4
41;4;1.55
42;2;1.45
43;2;1.45
44;2;1.4
45;2;1.45
46;2;1.35
47;2;1.5
48;2;1.75
49;2;1.5
50;2;1.75
51;3;1.8
52;3;1.8
53;3;1.75
54;3;1.55
55;3;1.65
56;4;1.5
57;4;1.25
58;2;1.3
59;3;1.45
60;2;1.6
61;3;1.45
62;2;1.4
63;3;1.6
64;3;1.65
65;3;1.4
66;3;1.4
67;2;1.4
68;2;1.4
69;2;1.6
70;3;1.6
71;3;1.55
72;3;1.45
73;3;1.8
74;3;1.4
75;2;1.25
76;2;1.35
77;2;1.5
78;2;1.45
79;3;1.65
80;2;1.5
81;3;1.4
82;3;1.6
83;3;1.55
84;2;1.4
85;3;1.6
86;2;1.7
87;3;1.6
88;2;1.6
89;3;1.55
90;3;1.4
91;2;1.4
92;3;1.6
93;2;1.55
94;2;1.45
95;3;1.5
96;2;1.3
97;2;1.55
98;2;1.55
99;2;1.4
100;2;1.25
101;3;1.4
102;2;1.1
103;2;1.1
104;2;1.3
105;2;1.25
106;3;1.55
107;2;1.4
108;2;1.5
109;2;1.25
110;2;1.3
111;3;1.35
112;2;1.3
113;2;1.25
114;2;1.25
115;2;1.1
116;2;1.25
117;3;1.25
118;3;1.6
119;3;1.35
120;2;1.35
121;2;1.35
122;3;1.6
123;3;1.35
124;2;1.45
125;2;1.45
126;3;1.5
127;3;1.55
128;3;1.55
129;3;1.45
130;3;1.85
131;3;1.55
132;2;1.4
133;3;1.55
134;2;1.2
135;2;1.45
136;2;1.3
137;2;1.45
138;2;1.4
139;2;1.5
140;2;1.65
141;2;1.35
142;2;1.7
143;3;1.7
144;2;1.6
145;2;1.45
146;3;1.5
147;2;1.5
148;2;1.45
149;3;1.65
150;3;1.45
151;2;1.4
152;3;1.85
153;2;1.45
154;3;1.95
155;3;1.7
156;3;1.6
157;3;1.45
158;4;1.75
159;4;1.75
160;3;1.65
161;2;1.5
162;3;1.65
163;2;1.7
164;3;1.75
165;2;1.6
166;2;1.6
167;3;1.45
168;3;1.45
Meranie: 9
0;2;1.45
1;2;1.3
2;2;1.5
3;2;1.7
4;2;1.55
5;3;1.65
6;3;1.5
7;2;1.45
8;3;1.65
9;3;2.05
10;2;1.65
11;2;1.4
12;2;1.6
13;2;1.65
14;2;1.55
15;2;1.75
16;3;1.6
17;2;1.45
18;2;1.8
19;2;1.55
20;4;1.75
21;2;1.45
22;2;1.6
23;2;1.5
24;2;1.55
25;4;1.85
26;3;1.7
27;3;1.65
28;2;1.35
29;3;1.8
30;2;1.6
31;2;1.65
32;3;1.5
33;3;1.35
34;2;1.45
35;2;1.6
36;3;1.85
37;4;1.65
38;3;1.35
39;2;1.4
40;3;1.6
41;2;1.35
42;3;1.6
43;2;1.4
44;2;1.45
45;2;1.45
46;2;1.45
47;3;1.65
48;2;1.15
49;3;1.6
50;3;1.45
51;4;1.4
52;2;1.35
53;2;1.45
54;4;1.6
55;3;1.55
56;3;1.6
57;2;1.4
58;2;1.4
59;4;1.5
60;3;1.6
61;3;1.5
62;2;1.25
63;3;1.55
64;2;1.6
65;2;1.45
66;2;1.65
67;2;1.7
68;2;1.4
69;2;1.25
70;2;1.5
71;4;1.55
72;4;1.6
73;3;1.4
74;3;1.8
75;3;1.5
76;2;1.2
77;2;1.4
78;3;1.4
79;2;1.55
80;2;1.4
81;2;1.55
82;2;1.25
83;3;1.6
84;2;1.4
85;2;1.55
86;2;1.5
87;2;1.55
88;3;1.5
89;3;1.8
90;2;1.5
91;2;1.3
92;2;1.35
93;2;1.6
94;3;1.75
95;2;1.35
96;3;1.5
97;3;1.45
98;3;1.45
99;2;1.35
100;2;1.5
101;2;1.4
102;3;1.35
103;2;1.25
104;3;1.6
105;2;1.25
106;2;1.4
107;3;1.35
108;2;1.3
109;2;1.5
110;3;1.65
111;2;1.45
112;2;1.2
113;2;1.35
114;2;1.2
Meranie: 10
0;2;1.65
1;2;1.4
2;3;1.4
3;2;1.6
4;3;1.7
5;3;1.5
6;2;1.4
7;3;1.95
8;3;1.7
9;2;1.6
10;2;1.75
11;3;2.15
12;4;1.7
13;2;1.75
14;3;1.75
Meranie: 11
0;3;1.7
1;2;1.55
2;2;1.3
3;2;1.8
4;2;1.7
5;2;1.65
6;2;1.6
7;2;1.3
8;2;1.65
9;2;1.35
10;2;1.7
11;2;1.45
12;4;1.4
13;2;1.45
14;2;1.7
15;3;1.5
16;2;1.3
17;2;1.7
18;2;1.5
19;3;1.5
20;2;1.75
21;2;1.3
22;2;1.3
23;2;1.4
24;3;1.5
25;3;1.5
26;2;1.55
27;2;1.75
28;2;1.5
29;3;1.85
30;3;1.55
31;3;1.65
32;2;1.6
33;2;1.6
34;2;1.5
35;3;2.0
36;2;1.95
37;2;1.15
38;2;1.55
39;2;1.3
40;2;1.55
41;3;1.55
42;4;1.65
43;3;1.45
44;3;1.5
45;3;1.75
46;2;1.35
47;3;1.75
48;2;1.4
49;2;1.45
50;3;1.45
51;2;1.35
52;2;1.35
53;2;1.15
54;2;1.6
55;2;1.25
56;2;1.4
57;2;1.45
58;2;1.45
59;3;1.4
60;3;1.6
61;2;1.35
62;2;1.45
63;3;1.35
64;3;1.3
65;3;1.6
66;2;1.6
67;2;1.5
68;2;1.3
69;3;1.55
70;3;1.35
71;3;1.4
72;2;1.3
73;2;1.3
74;3;1.6
75;3;1.7
76;2;1.6
77;3;1.65
78;2;1.5
79;2;1.15
80;4;1.55
81;2;1.6
82;4;1.5
83;2;1.45
84;2;1.35
85;3;2.0
86;3;1.4
87;2;1.55
Meranie: 12
0;2;1.55
1;2;1.7
2;3;1.75
3;3;1.45
4;3;1.85
5;2;1.7
6;3;1.7
7;3;1.65
8;2;1.4
9;3;1.7
10;2;1.5
11;3;1.55
12;2;1.55
13;4;1.5
14;2;1.4
15;2;1.2
16;2;1.35
17;2;1.4
18;2;1.55
19;3;1.35
20;2;1.15
21;3;1.4
22;2;1.4
23;3;1.2
24;2;1.15
25;2;1.45
26;2;1.3
27;2;1.2
28;2;1.3
29;4;1.75
30;3;1.45
31;3;1.05
32;2;1.45
33;2;1.25
34;3;1.55
35;3;1.6
36;3;1.45
37;2;1.45
38;2;1.4
39;3;1.7
40;4;1.75
41;3;1.65
42;3;1.55
43;2;1.4
44;2;1.6
45;3;1.5
46;2;1.65
47;2;1.35
48;3;1.45
49;3;1.7
50;2;1.55
51;3;1.4
52;2;1.7
53;4;1.9
54;3;1.45
55;3;1.9
56;3;2.1
57;3;1.6
58;3;1.85
59;3;1.75
60;3;1.4
61;3;1.8
62;3;1.5
63;2;1.45
64;3;1.4
65;3;1.4
66;3;1.75
67;3;1.4
68;2;1.5
69;2;1.4
70;3;1.4
71;2;1.3
72;2;1.7
73;3;1.35
74;2;1.4
75;3;1.5
76;2;1.85
77;3;1.95
78;3;1.7
79;2;1.4
80;2;1.35
81;2;1.5
82;3;1.75
83;2;1.4
84;2;1.5
85;3;1.85
86;2;1.55
87;3;1.6
88;2;1.3
89;2;1.3
90;2;1.25
91;2;1.5
92;2;1.2
93;2;1.2
94;3;1.55
95;2;1.5
96;2;1.25
97;2;1.25
98;3;1.45
99;2;1.55
100;3;1.45
101;3;1.35
102;2;1.25
103;3;1.35
104;3;1.45
105;2;1.4
106;2;0.95
107;3;1.5
108;3;1.55
109;3;1.35
110;2;1.35
111;2;1.15
112;3;1.65
113;3;1.75
114;2;1.55
115;2;1.4
116;3;1.95
117;4;1.45
118;2;1.55
119;3;1.3
120;4;1.8
121;3;2.0
122;2;1.45
123;3;1.55
124;2;1.65
125;2;1.4
126;2;1.55
127;2;1.3
128;3;1.65
129;2;1.55
130;3;1.9
131;4;1.55
132;3;1.5
133;2;1.5
134;3;1.65
135;2;1.4
136;2;1.55
137;3;1.8
138;2;1.85
139;3;1.45
140;3;1.55
141;3;1.45
142;2;1.7
143;2;1.4
144;2;1.55
145;3;1.6
146;3;1.75
147;4;2.0
148;2;1.5
149;2;1.75
150;3;1.8
151;3;1.7
152;3;1.75
153;2;1.7
154;3;1.55
155;2;1.55
156;3;1.55
157;3;1.4
158;3;1.7
159;3;1.75
160;3;1.7
161;2;1.5
162;2;1.5
163;2;1.45
164;3;1.75
165;3;1.5
166;2;1.55
167;2;1.45
168;2;1.6
169;3;1.55
170;3;1.5
171;3;1.35
172;3;1.5
173;4;1.75
174;2;1.6
175;3;2.15
176;4;1.7
177;3;1.6
178;3;1.55
179;2;1.65
180;3;1.85
181;2;1.75
182;2;1.7
183;3;1.8
184;2;1.5
185;2;1.75
186;2;2.0
187;2;1.35
188;3;1.65
189;3;1.65
190;2;1.4
191;2;1.5
192;2;1.7
193;3;1.6
194;3;1.5
195;2;1.45
196;2;1.45
197;3;1.6
198;2;1.6
199;2;1.4
200;3;1.4
201;2;1.7
202;3;1.9
203;3;1.75
204;3;1.95
205;3;1.65
206;2;1.65
207;2;1.8
208;2;1.7
209;3;1.55
210;3;1.35
211;3;1.75
212;2;1.55
213;3;1.55
214;2;1.55
215;2;1.5
216;3;1.7
217;3;2.15
218;3;2.05
219;2;1.6
220;2;1.3
221;3;1.7
222;3;2.0
223;2;1.5
224;3;1.3
225;3;1.65
226;2;1.6
227;2;1.7
228;3;1.45
229;3;1.35
230;2;1.35
231;2;1.35
232;4;1.4
233;3;1.3
234;2;1.35
235;2;1.7
236;3;1.6
237;3;1.85
238;2;1.25
239;2;1.3
240;4;1.6
241;3;1.5
242;3;1.5
243;3;1.7
244;4;1.35
245;3;1.45
246;2;1.35
247;2;1.25
248;3;1.5
249;3;1.4
250;3;1.5
251;2;1.15
252;2;1.35
253;2;1.4
254;3;1.45
255;2;1.6
256;3;1.7
257;2;1.45
258;3;1.55
259;2;1.4
260;3;1.7
261;2;1.25
262;2;1.5
263;3;1.65
264;2;1.3
265;2;1.45
266;2;1.25
267;3;1.5
268;2;1.3
269;2;1.4
270;2;1.55
271;2;1.3
272;3;1.55
273;3;1.6
274;2;1.45
275;2;1.55
276;2;1.45
277;3;1.45
278;2;1.6
279;3;1.8
280;2;1.55
281;3;1.5
282;2;1.75
283;2;1.6
284;4;1.55
285;3;1.6
286;3;1.7
287;3;1.85
288;3;1.6
289;3;1.5
290;2;1.3
291;4;1.65
292;3;1.65
293;3;1.65
294;2;1.45
295;3;1.95
296;4;2.1
297;2;1.45
298;2;1.45
299;2;1.4
300;2;1.35
301;3;1.45
302;2;1.45
303;3;1.65
304;3;1.55
305;2;1.35
306;3;1.7
307;2;1.25
308;2;1.5
309;3;1.75
310;2;1.5
311;2;1.4
312;3;1.6
313;3;1.65
314;3;1.65
315;2;1.6
316;3;1.65
317;2;1.5
318;3;1.95
319;3;1.8
320;2;1.2
321;3;1.6
322;2;1.65
323;2;1.25
324;2;1.2
325;2;1.6
326;2;1.45
327;3;1.5
328;2;1.35
329;3;1.75
330;2;1.4
331;3;1.45
332;3;1.75
333;2;1.25
334;3;1.9
335;2;1.65
336;2;1.6
337;2;1.6
338;3;1.5
339;2;1.55
340;2;1.4
341;3;1.45
342;3;1.65
343;2;1.25
344;3;1.45
345;2;1.3
346;3;1.5
347;2;1.45
348;4;1.6
349;3;1.65
350;3;1.75
351;2;1.3
352;2;1.1
353;2;1.45
354;3;1.55
355;3;1.55
356;4;1.8
357;3;1.5
358;2;1.65
359;3;1.65
360;3;1.6
361;3;1.4
362;2;1.6
363;2;1.55
364;2;1.4
365;2;1.4
366;2;1.35
367;3;1.55
368;2;1.45
369;3;1.8
370;2;1.5
371;2;1.35
372;3;1.3
373;3;1.55
374;2;1.4
375;3;1.55
376;2;1.45
377;2;1.35
378;2;1.3
379;2;1.65
380;2;1.5
381;3;1.45
382;2;1.4
383;3;1.65
384;2;1.4
385;3;1.45
386;3;1.45
387;3;1.75
388;2;1.5
389;3;1.65
390;2;1.3
391;2;1.3
392;2;1.6
393;2;1.45
394;2;1.35
395;2;1.5
396;3;1.55
397;3;1.9
398;3;1.5
399;2;1.65
400;4;1.65
401;2;1.35
402;2;1.8
403;2;1.3
404;2;1.45
405;3;1.6
406;2;1.6
407;2;1.5
408;3;1.5
409;2;1.5
410;2;1.35
411;3;1.35
412;2;1.3
413;2;1.35
414;2;1.55
415;3;1.7
416;2;1.4
417;3;1.65
418;4;1.6
419;4;1.4
420;3;1.9
421;3;1.7
422;2;1.6
423;3;1.5
424;3;1.75
425;2;1.4
426;2;1.45
427;2;1.35
428;3;1.45
429;2;1.3
430;2;1.6
431;3;1.65
432;2;1.35
433;3;1.55
434;3;1.3
435;3;1.25
436;3;1.55
437;2;1.6
438;3;1.4
439;3;1.6
440;2;1.55
441;2;1.35
442;2;1.3
443;2;1.55
444;4;1.4
445;2;1.5
446;2;1.45
447;3;1.95
448;4;1.55
449;3;1.8
450;3;1.65
451;2;1.75
452;4;1.9
453;2;1.5
454;2;1.35
455;3;2.15
456;3;1.95
457;3;1.7
458;3;1.45
459;2;1.25
460;4;1.75
461;2;1.4
462;3;1.8
463;3;1.65
464;3;1.6
465;3;1.4
466;3;1.7
467;2;1.6
468;2;1.5
469;2;1.5
470;2;1.25
471;3;1.4
472;3;1.6
473;2;1.4
474;2;1.3
475;2;1.4
476;2;1.15
477;3;1.7
478;3;1.55
479;3;1.55
480;4;1.6
481;3;1.4
482;3;1.65
483;2;1.55
484;2;1.45
485;3;1.5
486;2;1.6
487;2;1.75
488;2;1.45
489;3;1.85
490;3;1.65
491;3;1.75
492;2;1.55
493;3;1.6
494;2;1.4
495;2;1.5
496;3;1.55
497;2;1.5
498;3;1.35
499;2;1.3
500;2;1.25
501;2;1.4
502;2;1.35
503;2;1.45
504;2;1.25
505;2;1.35
506;3;1.35
507;2;1.55
508;2;1.55
509;3;1.55
510;2;1.4
511;3;1.65
512;2;1.2
513;2;1.35
514;3;1.35
515;2;1.35
516;3;1.95
517;2;1.3
518;2;1.25
519;3;1.55
520;2;1.65
521;4;1.55
522;2;1.55
523;2;1.3
524;2;1.3
525;3;1.5
526;2;1.4
527;2;1.3
528;2;1.35
529;3;1.55
530;4;1.45
531;3;1.7
532;3;1.6
533;2;1.25
534;2;1.4
535;2;1.45
536;4;1.75
537;2;1.25
538;2;1.4
539;2;1.4
540;2;1.55
541;2;1.45
542;2;1.9
543;3;1.65
544;2;1.65
545;3;1.65
546;2;1.65
547;3;1.35
548;3;1.55
549;2;1.5
550;3;1.45
551;2;1.45
552;2;1.4
553;2;1.5
554;4;1.55
555;2;1.8
556;3;1.75
557;3;1.6
558;2;1.55
559;3;1.65
560;3;1.8
561;2;1.25
562;2;1.4
563;2;1.5
564;3;1.85
565;2;1.5
566;3;1.7
567;3;1.65
568;3;1.95
569;4;1.6
570;2;1.35
571;2;1.3
572;3;1.45
573;4;1.75
574;3;1.4
575;3;1.4
576;2;1.35
577;2;1.7
578;4;1.9
579;3;1.6
580;3;1.7
581;3;1.55
582;3;1.8
583;3;1.6
584;2;1.3
Meranie: 13
0;3;1.4
1;3;1.5
2;3;1.45
3;2;1.6
4;3;1.55
5;2;1.55
6;2;1.35
7;2;1.6
8;3;1.7
9;3;1.5
10;3;1.85
11;2;1.4
12;3;1.7
13;2;1.65
14;2;1.55
15;3;1.6
16;3;1.85
17;2;1.8
18;2;1.65
19;3;1.8
20;3;1.55
21;3;1.65
22;2;1.5
23;2;1.6
24;2;1.55
25;2;1.8
26;2;1.55
27;3;1.75
28;2;1.4
29;3;1.85
30;3;1.65
31;2;1.4
32;2;1.65
33;2;1.65
34;4;1.6
35;3;1.85
36;3;2.1
37;3;1.9
38;3;1.6
39;2;1.4
40;3;1.6
41;3;1.6
42;3;1.6
43;2;1.35
44;2;1.75
45;3;1.7
46;4;1.45
47;3;1.45
48;3;1.55
49;2;1.35
50;3;1.8
51;3;1.9
52;2;1.55
53;3;1.45
54;2;1.4
55;3;1.45
56;3;1.55
57;2;1.4
58;3;1.55
59;3;1.6
60;4;1.55
61;3;1.6
62;3;1.55
63;2;1.55
64;3;1.85
65;2;1.45
66;3;1.75
67;3;1.5
68;3;1.55
69;3;1.65
70;2;1.5
71;4;1.75
72;2;1.55
73;2;1.45
74;3;1.75
75;2;1.5
76;3;1.6
77;2;1.25
78;3;1.55
79;2;1.6
80;2;1.2
81;2;1.4
82;2;1.5
83;2;1.6
84;3;1.7
85;3;1.4
86;3;1.4
87;2;1.35
88;3;1.4
89;2;1.5
90;3;1.6
91;2;1.4
92;2;1.3
93;2;1.3
94;2;1.3
95;3;1.4
96;3;1.45
97;2;1.1
98;3;1.55
99;2;1.35
100;3;1.4
101;3;1.5
102;3;1.35
103;3;1.75
104;2;1.3
105;2;1.4
106;3;1.4
107;2;1.35
108;2;1.35
109;2;1.4
110;2;1.5
111;3;1.6
112;2;1.5
113;3;1.65
114;4;1.8
115;2;1.75
116;3;1.4
117;3;1.45
118;2;1.55
119;3;1.65
120;3;1.75
121;3;1.7
122;4;1.8
123;2;1.2
124;2;1.2
125;2;1.4
126;2;1.3
127;2;1.3
128;2;1.45
129;3;1.3
130;2;1.3
131;2;1.6
132;3;1.5
133;3;1.4
134;2;1.35
135;2;1.55
136;2;1.3
137;2;1.4
138;2;1.2
139;3;1.55
140;3;1.35
141;2;1.45
142;3;1.35
143;2;1.35
144;2;1.4
145;3;1.65
146;2;1.35
147;3;1.75
148;2;1.4
149;4;1.6
150;3;1.35
151;2;1.6
152;2;1.55
153;4;1.45
154;3;1.55
155;2;1.4
156;2;1.35
157;4;1.55
158;3;1.4
159;3;1.45
160;2;1.25
161;3;1.35
162;3;1.85
163;2;1.4
164;3;1.5
165;2;1.4
166;2;1.55
167;2;1.5
168;3;1.5
169;3;1.35
170;3;1.7
171;3;1.6
172;3;1.5
173;2;1.5
174;2;1.25
175;2;1.25
176;2;1.2
177;3;1.35
178;3;1.35
179;2;1.6
180;2;1.5
181;4;1.75
182;2;1.65
183;3;1.6
184;4;1.7
185;2;1.4
186;2;1.45
187;2;1.25
188;3;1.65
189;3;1.35
190;2;1.25
191;3;1.6
192;2;1.45
193;2;1.2
194;2;1.45
195;2;1.45
196;2;1.4
197;2;1.25
198;3;1.45
199;2;1.45
200;2;1.55
201;3;1.65
202;3;1.6
203;3;1.45
204;3;1.45
205;2;1.5
206;3;1.45
207;3;1.5
208;2;1.5
209;4;1.85
210;2;1.25
211;2;1.4
212;3;1.4
213;3;1.7
214;3;1.85
215;2;1.35
216;4;1.6
217;2;1.3
218;2;1.7
219;3;1.5
220;2;1.35
221;2;1.35
222;3;1.3
223;2;1.35
224;2;1.45
225;3;1.65
226;3;1.65
227;2;1.45
228;2;1.45
229;2;1.55
230;2;1.4
231;2;1.45
232;2;1.45
233;2;1.35
234;2;1.45
235;3;1.3
236;2;1.45
237;3;1.4
238;2;1.4
239;2;1.5
240;2;1.65
241;2;1.5
242;2;1.35
243;2;1.6
244;3;1.8
245;2;1.55
246;3;1.7
247;2;1.6
248;3;1.7
249;3;1.6
250;3;1.7
251;3;1.6
252;3;1.5
253;3;1.75
254;3;1.35
255;2;1.35
256;2;1.65
257;2;1.6
258;3;1.55
259;3;1.65
260;2;1.5
261;3;1.85
262;2;1.45
263;2;1.4
264;2;1.4
265;3;1.45
266;2;1.6
267;3;1.85
268;2;1.45
269;2;1.55
270;2;1.4
271;2;1.65
272;3;1.6
273;3;1.7
274;3;1.35
275;2;1.4
276;3;1.85
277;2;1.5
278;4;1.75
279;4;1.7
280;3;1.55
281;3;1.4
282;2;1.4
283;2;1.45
284;3;1.65
285;2;1.5
286;3;1.5
287;2;1.3
288;2;1.35
289;2;1.55
290;3;1.55
291;3;1.4
292;2;1.5
293;2;1.3
294;2;1.45
295;2;1.35
296;3;1.5
297;2;1.25
298;3;1.65
299;2;1.65
300;2;1.15
301;3;1.6
302;3;1.4
303;3;1.4
304;4;1.65
305;2;1.45
306;3;1.45
307;3;1.65
308;2;1.7
309;3;1.45
310;3;1.6
311;3;1.6
312;3;1.85
313;2;1.6
314;4;1.9
315;2;1.35
316;2;1.25
317;2;1.4
318;2;1.45
319;2;1.6
320;2;1.4
321;2;1.35
322;3;1.45
323;2;1.55
324;2;1.3
325;2;1.65
326;3;1.8
327;2;1.55
328;4;1.8
329;4;1.65
330;2;1.45
331;3;1.9
332;2;1.25
333;2;1.55
334;3;1.6
335;3;1.5
336;3;1.8
337;2;1.75
338;4;1.85
339;3;1.4
340;3;1.7
341;3;1.6
342;4;1.8
343;2;1.45
344;3;1.9
345;3;1.45
346;2;1.4
347;2;1.4
348;2;1.55
349;2;1.65
350;3;1.55
351;3;1.85
352;2;1.5
353;2;1.55
354;2;1.4
355;3;1.55
356;2;1.45
357;2;1.3
358;2;1.45
359;4;1.55
360;2;1.4
361;4;1.7
362;2;1.75
363;2;1.4
364;3;1.5
365;3;1.45
366;3;1.45
367;2;1.6
368;2;1.25
369;2;1.75
370;3;1.75
371;3;1.4
372;2;1.5
373;2;1.55
374;3;1.5
375;2;1.45
376;2;1.55
377;2;1.45
378;4;1.65
379;2;1.55
380;3;1.65
381;2;1.35
382;2;1.3
383;3;1.6
384;2;1.6
385;2;1.75
386;2;1.65
387;2;1.4
388;4;1.6
389;2;1.35
390;3;1.5
391;3;1.4
392;2;1.15
393;3;1.35
394;2;1.5
395;3;1.55
396;3;1.4
397;2;1.6
398;3;1.75
399;2;1.4
400;3;1.5
401;3;1.6
402;2;1.45
403;3;1.45
404;2;1.55
405;3;1.25
406;2;1.2
407;2;1.25
408;2;1.4
409;2;1.25
410;2;1.55
411;2;1.55
412;4;1.45
413;2;1.45
414;2;1.25
415;4;1.55
416;3;1.55
417;2;1.25
418;4;1.6
419;2;1.2
420;2;1.45
421;2;1.45
422;3;1.75
423;3;1.6
424;3;1.55
425;2;1.45
426;2;1.5
427;2;1.35
428;2;1.4
429;2;1.45
430;2;1.25
431;2;1.25
432;2;1.35
433;2;1.7
434;2;1.3
435;2;1.3
436;3;1.6
437;2;1.25
438;2;1.25
439;2;1.45
440;2;1.45
441;2;1.75
442;3;1.55
443;2;1.4
444;2;1.3
445;2;1.45
446;2;1.55
447;2;1.5
448;3;1.5
449;3;1.6
450;2;1.65
451;3;1.55
452;3;1.45
453;2;1.3
454;3;1.4
455;2;1.65
456;2;1.35
457;2;1.4
458;2;1.15
459;4;1.5
460;2;1.45
461;3;1.5
462;3;1.45
463;2;1.35
464;3;1.55
465;3;1.45
466;2;1.4
467;2;1.3
468;2;1.4
469;2;1.3
470;4;1.5
471;2;1.5
472;2;1.4
473;3;1.65
474;3;1.55
475;3;1.8
476;3;1.4
477;2;1.55
478;3;1.45
479;2;1.55
480;3;1.45
481;2;1.35
482;2;1.35
483;3;1.55
484;3;1.5
485;2;1.75
486;2;1.2
487;2;1.45
488;3;1.85
489;3;1.45
490;2;1.5
491;2;1.45
492;2;1.45
493;2;1.5
494;2;1.35
495;2;1.4
496;3;1.45
497;2;1.4
498;2;1.25
499;2;1.6
500;3;1.65
501;3;1.45
502;2;1.4
503;3;1.45
504;2;1.3
505;3;1.4
506;2;1.5
507;2;1.3
508;2;1.55
509;3;1.45
510;3;1.3
511;3;1.55
512;3;1.35
513;3;1.75
514;2;1.45
515;3;1.4
516;3;1.45
517;3;1.45
518;2;1.4
519;2;1.3
520;2;1.4
521;3;1.35
522;4;1.45
523;2;1.3
524;2;1.4
525;3;1.4
526;3;1.65
527;3;1.45
528;3;1.55
529;2;1.35
530;3;1.4
531;3;1.8
532;2;1.3
533;3;1.85
534;2;1.45
535;3;1.15
536;2;1.35
537;2;1.35
538;3;1.5
539;3;1.25
540;4;1.75
541;3;1.55
542;2;1.55
543;2;1.8
544;2;1.5
545;2;1.6
546;3;1.55
547;2;1.4
548;3;1.65
549;4;1.75
550;2;1.35
551;2;1.6
552;2;1.25
553;2;1.5
554;3;1.75
555;3;1.5
556;4;1.8
557;2;1.35
558;2;1.45
559;3;1.6
560;2;1.45
561;2;1.3
562;2;1.75
563;3;1.45
564;2;1.35
565;3;1.35
566;2;1.3
567;2;1.45
568;3;1.75
569;2;1.6
570;3;1.7
571;2;1.55
572;2;1.55
573;2;1.6
574;2;1.45
575;3;1.3
576;3;1.1
577;3;1.65
578;2;1.35
579;3;1.35
580;4;1.45
581;2;1.3
582;3;1.5
583;2;1.35
584;2;1.4
585;2;1.55
586;2;1.1
587;2;1.5
588;3;1.45
589;2;1.4
590;2;1.5
591;2;1.3
592;2;1.2
593;3;1.55
594;3;1.3
595;3;1.35
596;4;1.65
597;4;1.35
598;3;1.55
599;2;1.35
600;2;1.2
601;3;1.55
602;2;1.35
603;2;1.25
604;4;1.9
605;2;1.15
606;2;1.45
607;3;1.5
608;2;1.45
609;2;1.45
610;2;1.45
611;3;1.4
612;2;1.4
613;3;1.6
614;2;1.35
615;3;1.55
616;3;1.55
617;3;1.55
618;2;1.25
619;2;1.35
620;2;1.35
621;2;1.55
622;2;1.5
623;3;1.45
624;2;1.5
625;4;1.65
626;2;1.35
627;2;1.15
628;3;1.35
629;2;1.25
630;2;1.55
631;3;1.95
632;3;1.4
633;2;1.3
634;2;1.35
635;3;1.3
636;4;1.55
637;2;1.45
638;2;1.2
639;2;1.4
640;2;1.35
641;2;1.55
642;4;1.6
643;3;1.4
644;2;1.4
645;3;1.35
646;2;1.3
647;2;1.15
648;3;1.35
649;3;1.35
650;2;1.4
651;2;1.45
652;2;1.25
653;2;1.35
654;2;1.4
655;3;1.65
656;2;1.3
657;3;1.5
658;3;1.45
659;2;1.35
660;2;1.3
661;2;1.4
662;3;1.7
663;2;1.5
664;3;1.4
665;3;1.75
666;2;1.35
667;3;1.6
668;2;1.4
669;2;1.45
670;3;1.45
671;3;1.55
672;2;1.3
673;2;1.35
674;2;1.4
675;2;1.5
676;3;1.85
677;3;1.75
678;2;1.35
679;2;1.35
680;3;1.5
681;3;1.4
682;2;1.2
683;2;1.65
684;3;1.6
685;4;1.9
686;3;1.55
687;2;1.3
688;3;1.65
689;2;1.45
690;3;1.55
691;3;1.55
692;2;1.45
693;2;1.4
694;2;1.35
695;2;1.75
696;3;1.6
697;3;1.75
698;4;1.9
699;3;1.6
700;3;1.7
701;2;1.35
702;3;1.6
703;2;1.5
704;2;1.7
705;3;1.2
706;3;1.65
707;2;1.4
708;2;1.45
709;3;1.6
710;2;1.25
711;2;1.15
712;3;1.55
713;2;1.4
714;2;1.15
715;2;1.8
716;2;1.65
717;2;1.45
718;2;1.5
719;2;1.65
720;2;1.45
721;2;1.35
722;2;1.55
723;3;1.4
724;3;1.45
725;3;1.5
726;3;1.4
727;2;1.45
728;3;1.7
729;2;1.25
730;2;1.15
731;3;1.65
732;3;1.9
733;2;1.6
734;2;1.7
735;2;1.55
736;3;1.95
737;3;2.0
738;3;1.55
739;2;1.35
740;2;1.35
741;2;1.45
742;2;1.6
743;4;1.6
744;3;1.55
745;3;1.75
746;2;1.5
747;2;1.45
748;2;1.6
749;2;1.5
750;3;1.5
751;3;1.65
752;2;1.4
753;3;1.45
754;3;1.55
Meranie: 14
0;3;1.45
1;2;1.7
2;2;1.5
3;2;1.4
4;2;1.75
5;3;1.7
6;3;1.7
7;3;1.65
8;2;1.15
9;3;1.7
10;3;1.6
11;2;1.45
12;2;1.45
13;2;1.45
14;3;1.5
15;3;1.55
16;2;1.35
17;3;1.6
18;2;1.55
19;2;1.25
20;2;1.5
21;3;1.4
22;2;1.45
23;2;1.25
24;2;1.65
25;2;1.45
26;2;1.45
27;2;1.4
28;3;1.7
29;3;1.2
30;2;1.4
31;3;1.55
32;2;1.5
33;3;1.75
34;2;1.5
35;3;1.45
36;2;1.35
37;2;1.25
38;3;1.5
39;2;1.55
40;2;1.3
41;3;1.75
42;2;1.3
43;3;1.5
44;3;1.75
45;4;1.6
46;3;1.7
47;2;1.75
48;2;1.35
49;3;1.75
50;3;1.4
51;3;1.7
52;3;1.75
53;2;1.25
54;2;1.4
55;3;1.5
56;2;1.45
57;4;1.55
58;2;1.4
59;3;1.65
60;3;1.7
61;3;1.8
62;2;1.75
63;2;1.45
64;2;1.65
65;2;1.35
66;3;1.2
67;2;1.25
68;2;0.7
69;2;1.3
70;2;1.4
71;2;1.6
72;3;1.45
73;2;1.3
74;3;1.25
75;2;1.25
76;2;1.5
77;3;1.4
78;3;1.7
79;3;1.5
80;3;1.6
81;4;1.65
82;3;1.4
83;2;1.5
84;3;1.6
85;2;1.6
86;3;1.75
87;3;1.5
88;2;1.35
89;2;1.65
90;3;1.5
91;2;1.3
92;2;1.5
93;2;1.6
94;2;1.55
95;2;1.4
96;3;1.5
97;3;1.65
98;2;1.5
99;3;1.35
100;3;1.45
101;3;1.35
102;3;1.8
103;3;1.5
104;2;1.55
105;2;1.5
106;2;1.2
107;3;1.55
108;2;1.65
109;3;1.6
110;3;1.5
111;2;1.3
112;3;1.45
113;3;1.45
114;2;1.5
115;3;1.4
116;3;1.6
117;4;1.7
118;2;1.45
119;3;1.55
120;3;1.75
121;2;1.25
122;3;1.35
123;3;1.55
124;2;1.25
125;3;1.35
126;3;1.5
127;4;1.5
128;2;1.3
129;3;1.3
130;2;1.45
131;3;1.4
132;2;1.35
133;2;1.35
134;2;1.5
135;3;1.4
136;3;1.65
137;3;1.55
138;2;1.45
139;2;1.35
140;2;1.3
141;2;1.8
142;2;1.35
143;2;1.35
144;2;1.25
145;2;1.3
146;2;1.25
147;2;1.35
148;2;1.7
149;2;1.3
150;3;1.75
151;2;1.6
152;2;1.35
153;2;1.55
154;3;1.55
155;2;1.3
156;2;1.6
157;2;1.55
158;3;1.4
159;2;1.45
160;3;1.75
161;2;1.2
162;2;1.45
163;2;1.55
164;2;1.4
165;3;1.7
166;2;1.3
167;2;1.35
168;3;1.75
169;2;1.3
170;2;1.6
171;3;1.55
172;3;1.4
173;3;1.9
174;3;1.8
175;4;1.55
176;2;1.5
177;3;1.75
178;2;1.35
179;2;1.75
180;3;1.75
181;2;1.45
182;2;1.5
183;2;1.5
184;2;1.55
185;4;1.8
186;2;1.55
187;3;1.7
188;3;1.55
189;2;1.35
190;2;1.5
191;3;1.75
192;2;1.55
193;3;1.5
194;3;1.35
195;4;1.65
196;3;1.7
197;3;1.7
198;3;1.65
199;3;1.95
200;2;1.65
201;2;1.7
202;3;1.5
203;2;1.55
204;3;1.7
205;3;1.35
206;3;1.6
207;4;1.8
208;2;1.65
209;4;1.6
210;2;1.45
211;3;1.65
212;2;1.55
213;3;1.7
214;3;1.7
215;3;1.65
216;3;1.4
217;3;1.75
218;2;1.6
219;3;1.3
220;2;1.6
221;2;1.75
222;3;1.6
223;2;1.25
224;2;1.7
225;4;1.75
226;3;1.65
227;2;1.5
228;2;1.45
229;2;1.25
230;2;1.35
231;3;1.65
232;3;1.55
233;3;1.7
234;3;1.3
235;2;1.35
236;4;1.65
237;3;1.25
238;2;1.4
239;4;1.35
240;3;1.45
241;2;1.4
242;2;1.55
243;3;1.55
244;3;1.5
245;2;1.25
246;2;1.25
247;2;1.25
248;2;1.5
249;3;1.7
250;3;1.7
251;2;1.45
252;3;1.55
253;2;1.4
254;4;1.45
255;2;1.2
256;2;1.4
257;2;1.5
258;2;1.25
259;2;1.25
260;2;1.6
261;2;1.4
262;2;1.15
263;2;1.35
264;4;1.7
265;4;1.35
266;3;1.4
267;3;1.6
268;3;1.5
269;2;1.5
270;3;1.75
271;3;1.65
272;2;1.5
273;2;1.55
274;4;1.5
275;2;1.45
276;3;1.55
277;3;1.55
278;4;1.6
279;3;1.55
280;2;1.4
281;3;1.5
282;3;1.5
283;3;1.65
284;3;1.25
285;3;1.5
286;3;1.75
287;3;1.15
288;2;1.35
289;2;1.3
290;3;1.75
291;3;1.7
292;2;1.1
293;3;1.2
294;2;1.4
295;2;1.6
296;3;1.5
297;2;1.45
298;2;1.5
299;4;1.55
300;3;1.85
301;4;1.55
302;2;1.4
303;2;1.4
304;3;1.4
305;3;1.35
306;2;1.55
307;3;1.55
308;4;1.85
309;2;1.5
310;2;1.2
311;3;1.35
312;3;1.55
313;3;1.8
314;3;1.6
315;2;1.3
316;3;1.5
317;4;1.95
318;3;1.45
319;3;1.5
320;3;1.4
321;2;1.4
322;2;1.25
323;3;1.45
324;2;1.7
325;2;1.4
326;2;1.35
327;2;1.4
328;4;1.5
329;3;1.7
330;2;1.3
331;2;1.35
332;3;1.3
333;2;1.5
334;2;1.45
335;3;1.65
336;3;1.55
337;2;1.5
338;2;1.45
339;2;1.6
340;2;1.3
341;2;1.45
342;3;1.55
343;3;1.55
344;3;1.5
345;2;1.45
346;3;1.35
347;2;1.5
348;3;1.55
349;2;1.3
350;2;1.65
351;4;1.6
352;2;1.5
353;2;1.35
354;3;1.5
355;2;1.25
356;3;1.5
357;3;1.5
358;3;1.8
359;3;1.65
360;2;1.2
361;2;1.3
362;2;1.8
363;3;1.55
364;3;1.3
365;2;1.3
366;2;1.25
367;2;1.45
Meranie: 15
0;2;1.8
1;2;1.45
2;2;1.65
3;2;1.55
4;3;1.85
5;2;1.55
6;2;1.65
7;3;1.85
8;2;1.75
9;2;1.35
10;3;1.75
11;2;1.75
12;4;1.7
13;2;1.6
14;2;1.8
15;2;1.6
16;3;1.95
17;2;1.65
18;2;1.9
19;3;2.0
20;3;1.8
21;3;1.8
22;3;1.95
23;2;1.55
24;3;1.75
25;2;1.55
26;2;1.6
27;3;1.75
28;3;1.95
29;3;2.3
30;3;1.75
31;2;1.95
32;3;1.9
33;2;1.9
34;2;1.55
35;3;1.75
36;2;1.85
37;3;1.95
38;4;2.0
39;2;1.85
40;3;1.85
41;4;2.1
42;2;1.45
43;2;1.75
44;2;1.65
45;2;1.7
46;3;1.7
47;3;1.85
48;2;1.45
49;2;1.55
50;3;1.7
51;3;1.45
52;4;1.7
53;3;1.5
54;2;1.45
55;2;1.4
56;2;1.2
57;3;1.65
58;2;1.55
59;2;1.45
60;2;1.45
61;2;1.6
62;3;1.7
63;2;1.4
64;3;1.3
65;2;1.75
66;3;1.35
67;2;1.2
68;2;1.5
69;2;1.65
70;3;1.8
71;3;1.9
72;3;1.55
73;2;1.4
74;2;1.45
75;3;1.65
76;3;1.6
77;2;1.6
78;2;1.75
79;3;1.85
80;3;1.85
81;2;1.3
82;3;1.8
83;2;1.45
84;2;1.3
85;3;1.55
86;2;1.45
87;3;1.3
88;2;1.4
89;3;1.45
90;2;1.25
91;2;1.3
92;2;1.55
93;2;1.7
94;2;1.65
95;2;1.6
96;3;1.65
97;3;1.55
98;2;1.6
99;4;1.55
100;3;1.7
101;2;1.7
102;2;1.45
103;2;1.45
104;3;1.9
105;3;1.45
106;2;1.25
107;3;1.6
108;2;1.6
109;2;1.75
110;3;1.5
111;2;1.3
112;3;1.65
113;3;1.5
114;3;1.75
115;2;1.45
116;3;1.65
117;4;2.0
118;2;1.5
119;3;1.45
120;2;1.65
121;2;1.65
122;3;1.75
123;3;1.4
124;2;1.45
125;2;1.55
126;3;1.7
127;3;1.45
128;2;1.3
129;2;1.4
130;3;1.4
131;4;1.65
132;2;1.3
133;2;1.5
134;2;1.35
135;2;1.75
136;2;1.5
137;3;1.65
138;3;1.95
139;4;1.8
140;2;1.65
141;2;1.3
142;3;1.45
143;2;1.4
144;3;1.75
145;2;1.4
146;3;1.8
147;3;1.5
148;2;1.25
149;2;1.6
150;3;1.7
151;2;1.5
152;2;1.5
153;2;1.7
154;2;1.5
155;3;1.7
156;3;1.8
157;2;1.65
158;2;1.35
159;4;1.9
160;2;1.3
161;2;1.75
162;3;1.35
163;3;1.7
164;2;1.6
165;3;1.7
166;4;1.65
167;3;1.5
168;2;1.55
169;2;1.35
170;3;1.4
171;3;1.65
172;3;1.65
173;2;1.5
174;2;1.4
175;2;1.35
176;3;1.35
177;3;1.65
178;3;1.65
179;2;1.4
180;3;1.55
181;2;1.65
182;3;1.55
183;2;1.4
184;3;1.45
185;3;1.35
186;3;1.5
187;2;1.45
188;3;1.55
189;3;1.5
190;3;1.4
191;4;1.4
192;2;1.4
193;3;1.5
194;3;1.5
195;2;1.7
196;2;1.65
197;2;1.75
198;2;1.6
199;2;1.4
200;2;1.75
201;3;1.95
202;2;1.55
203;3;1.7
204;2;1.7
205;2;1.5
206;2;1.5
207;3;1.55
208;2;1.45
209;2;1.45
210;2;1.65
211;2;1.8
212;3;1.7
213;3;1.5
214;3;1.7
215;2;1.4
216;2;1.5
217;2;1.45
218;3;1.6
219;3;1.4
220;2;1.5
221;2;1.4
222;3;1.75
223;2;1.3
224;2;1.75
225;2;1.55
226;2;1.55
227;2;1.55
228;2;1.6
229;3;1.6
230;2;1.75
231;3;1.45
232;2;1.55
233;2;1.4
234;3;1.4
235;2;1.7
236;2;1.35
237;3;1.65
238;4;1.8
239;2;1.5
240;3;1.7
241;2;1.3
242;2;1.35
243;3;1.55
244;4;1.7
245;3;1.5
246;2;1.4
247;3;1.45
248;2;1.35
249;3;1.35
250;2;1.3
251;4;1.6
252;4;1.6
253;3;1.55
254;4;1.65
255;2;1.5
256;2;1.5
257;3;1.5
258;2;1.2
259;2;1.3
260;3;1.7
261;3;1.6
262;2;1.7
263;3;1.65
264;3;1.55
265;3;1.65
266;3;1.5
267;2;1.4
268;3;1.45
269;2;1.4
270;3;1.95
271;3;1.8
272;3;1.9
273;2;1.3
274;2;1.6
275;2;1.45
276;3;1.55
277;3;1.65
278;2;1.4
279;3;1.75
280;4;1.65
281;3;1.6
282;2;1.45
283;3;1.65
284;3;1.8
285;2;1.75
286;3;1.6
287;2;1.7
288;2;1.6
289;3;1.5
290;3;1.55
291;2;1.5
292;2;1.25
293;3;1.65
294;2;1.4
295;3;1.45
296;2;1.7
297;3;1.6
298;3;1.7
299;3;1.5
300;2;1.5
301;2;1.7
302;2;1.6
303;2;1.45
304;2;1.6
305;2;1.3
306;2;1.3
307;3;1.6
308;2;1.4
309;3;1.7
310;2;1.6
311;2;1.4
312;2;1.5
313;3;1.65
314;3;1.4
315;2;1.35
316;3;1.7
317;2;1.45
318;3;1.55
319;3;1.4
320;3;1.35
321;2;1.3
322;3;1.35
323;2;1.4
324;2;1.5
325;2;1.3
326;2;1.45
327;2;1.45
328;3;1.45
329;3;1.65
330;2;1.4
331;4;1.5
332;2;1.4
333;2;1.35
334;3;1.65
335;2;1.4
336;3;1.55
337;3;1.3
338;2;1.25
339;2;1.35
340;2;1.5
341;2;1.3
342;3;1.45
343;3;1.8
344;3;1.6
345;2;1.35
346;2;1.4
347;2;1.55
348;2;1.55
349;3;1.65
350;2;1.8
351;2;1.5
352;2;1.8
353;3;1.75
354;3;1.65
355;2;1.35
356;2;1.55
357;2;1.45
358;2;1.55
359;2;1.45
360;3;1.4
361;2;1.65
362;2;1.5
363;2;1.6
364;2;1.45
365;3;1.35
366;2;1.45
367;2;1.4
368;3;1.8
369;3;1.55
370;2;1.45
371;2;1.45
372;2;1.45
373;4;1.45
374;3;1.6
375;2;1.4
376;3;1.45
377;2;1.3
378;3;1.6
379;3;1.4
380;3;1.55
381;2;1.25
382;2;1.45
383;2;1.6
384;3;1.65
385;3;1.45
386;2;1.6
387;2;1.45
388;3;1.8
389;2;1.7
390;3;1.8
391;3;1.55
392;3;1.4
393;3;1.75
394;3;1.55
395;3;1.75
396;3;1.85
397;3;1.85
398;3;1.5
399;3;1.35
400;3;1.6
401;2;1.65
402;2;1.5
403;3;1.75
404;3;1.85
405;3;1.95
406;2;1.6
407;4;1.7
408;3;1.65
409;3;1.65
410;3;1.85
411;2;1.7
412;2;1.4
413;2;1.5
414;2;1.5
415;3;1.5
416;2;1.4
417;3;1.85
418;3;1.7
419;3;1.6
420;3;1.9
421;2;1.45
422;3;1.45
423;3;1.7
424;2;1.65
425;3;1.95
426;3;1.7
427;2;1.4
428;2;1.5
429;3;1.6
430;2;1.45
431;3;1.9
432;2;1.75
433;2;1.45
434;4;1.55
435;2;1.45
436;2;1.5
437;2;1.5
438;3;1.5
439;3;1.45
440;3;1.9
441;2;1.45
442;3;1.75
443;2;1.4
444;3;1.55
445;3;1.4
446;3;1.65
447;3;1.4
448;2;1.25
449;2;1.35
450;2;1.65
451;2;1.35
452;3;1.6
453;3;1.55
454;2;1.2
455;3;1.45
456;2;1.55
457;2;1.3
458;2;1.8
459;2;1.65
460;4;1.6
461;3;1.65
462;4;2.05
463;4;1.75
464;3;1.55
465;2;1.75
466;3;1.6
467;2;1.65
468;3;1.6
469;2;1.3
470;2;1.25
471;3;1.55
472;3;1.45
473;3;1.8
474;2;1.25
475;3;1.6
476;2;1.25
477;2;1.45
478;2;1.4
479;2;1.25
480;3;1.55
481;2;1.55
482;2;1.55
483;3;1.55
484;4;1.85
485;2;1.45
486;3;1.85
487;3;1.7
488;2;1.8
489;2;1.45
490;3;1.55
491;2;1.75
492;4;1.7
493;2;1.4
494;2;1.4
495;4;1.7
496;2;1.45
497;3;1.4
498;2;1.25
499;4;1.5
500;2;1.35
501;2;1.35
502;2;1.5
503;3;1.65
504;3;1.6
505;3;1.8
506;3;1.45
507;2;1.65
508;2;1.3
509;3;1.85
510;3;1.5
511;3;1.45
512;2;1.35
513;3;1.6
514;3;1.65
515;3;1.5
516;2;1.4
517;3;1.45
518;3;1.55
519;3;1.75
520;4;1.95
521;2;1.45
522;2;1.4
523;3;1.35
524;2;1.5
525;2;1.35
526;2;1.55
527;2;1.25
528;2;1.65
529;2;1.35
530;2;1.55
531;3;1.85
532;3;1.75
533;2;1.8
534;2;1.7
535;3;1.55
536;3;1.2
537;2;1.55
538;2;1.6
539;3;1.8
540;3;1.7
541;3;1.85
542;2;1.5
543;4;1.8
544;4;1.75
545;3;1.95
546;3;1.6
547;3;1.65
548;3;1.65
549;2;1.3
550;3;1.5
551;2;1.7
552;2;1.5
553;2;1.6
554;3;1.75
555;2;1.5
556;2;1.65
557;2;1.5
558;4;1.5
559;2;1.55
560;4;1.7
561;2;1.65
562;2;1.8
563;3;1.9
564;2;1.3
565;2;1.4
566;2;1.6
567;2;1.55
568;2;1.65
569;3;1.65
570;2;1.55
571;2;1.2
572;2;1.5
573;2;1.6
574;2;1.5
575;2;1.65
576;4;1.65
577;2;1.5
578;3;1.65
579;4;1.75
580;3;2.0
581;3;1.85
582;2;1.55
Meranie: 16
0;3;1.7
1;2;1.75
2;2;1.35
3;3;1.55
4;2;1.5
5;2;1.55
6;3;1.45
7;2;1.5
8;3;1.8
9;2;1.6
10;3;1.7
11;3;1.65
12;2;1.5
13;2;1.45
14;2;1.5
15;3;1.5
16;4;1.8
17;2;1.5
18;3;1.65
19;3;1.65
20;2;1.5
21;2;1.35
22;2;1.45
23;2;1.45
24;2;1.3
25;2;1.35
26;3;1.35
27;3;1.45
28;2;1.3
29;3;1.7
30;2;1.65
31;2;1.35
32;2;1.5
33;3;1.55
34;2;1.45
35;4;1.75
36;2;1.5
37;3;1.45
38;3;1.5
39;3;1.55
40;2;1.65
41;2;1.45
42;4;1.55
43;3;1.35
44;2;1.5
45;3;1.4
46;3;1.6
47;3;1.5
48;2;1.45
49;3;1.6
50;2;1.5
51;2;1.45
52;3;1.95
53;2;1.45
54;4;1.7
55;3;1.55
56;2;1.35
57;2;1.5
58;2;1.6
59;3;1.55
60;2;1.35
61;3;1.45
62;3;1.5
63;2;1.45
64;3;1.65
65;2;1.25
66;4;1.5
67;2;1.45
68;3;1.55
69;2;1.3
70;3;1.25
71;3;1.5
72;3;1.45
73;2;1.2
74;3;1.6
75;2;1.6
76;2;1.45
77;2;1.3
78;2;1.3
79;3;1.6
80;3;1.7
81;4;1.6
82;2;1.55
83;2;1.25
84;2;1.35
85;3;1.45
86;3;1.75
87;2;1.25
88;2;1.5
89;2;1.45
90;2;1.25
91;2;1.25
92;2;1.3
93;3;1.45
94;2;1.3
95;2;1.5
96;2;1.3
97;2;1.5
98;3;1.55
99;3;1.5
100;2;1.35
101;2;1.35
102;2;1.4
103;2;1.3
104;3;1.55
105;2;1.3
106;3;1.45
107;2;1.3
108;2;1.45
109;2;1.3
110;2;1.5
111;3;1.75
112;2;1.25
113;4;1.6
114;3;1.5
115;3;1.6
116;3;1.4
117;3;1.7
118;3;1.6
119;3;1.65
120;3;1.45
121;3;1.3
122;3;1.6
123;2;1.3
124;2;1.45
125;3;1.85
126;4;1.55
127;3;1.65
128;3;1.95
129;2;1.65
130;3;1.7
131;2;1.4
132;2;1.2
133;3;1.5
134;2;1.5
135;3;1.5
136;4;1.4
137;3;1.6
138;2;1.55
139;3;1.7
140;3;1.65
141;4;1.75
142;2;1.4
143;2;1.6
144;4;1.7
145;4;1.65
146;3;1.6
Meranie: 17
0;2;1.7
1;3;1.75
2;2;1.45
3;2;1.35
4;2;1.5
5;3;1.65
6;2;1.35
7;2;1.25
8;3;1.65
9;2;1.65
10;2;1.65
11;2;1.75
12;3;1.65
13;3;1.65
14;2;1.45
15;2;1.6
16;2;1.25
17;3;1.55
18;3;1.65
19;2;1.8
20;2;1.45
21;2;1.45
22;2;1.2
23;2;1.65
24;2;1.65
25;3;1.6
26;2;1.5
27;2;1.65
28;2;1.5
29;3;1.3
30;2;1.25
31;3;1.7
32;2;1.4
33;2;1.35
34;2;1.65
35;2;1.4
36;2;1.45
37;2;1.4
38;2;1.4
39;2;1.4
40;3;1.9
41;2;1.75
42;2;1.8
43;3;1.65
44;2;1.55
45;2;1.5
46;2;1.5
47;3;1.8
48;3;1.7
49;3;1.45
50;4;1.55
51;2;1.75
52;3;1.85
53;3;1.45
54;2;1.3
55;3;1.4
56;2;1.5
57;2;1.55
58;3;1.7
59;4;1.55
60;2;1.5
61;3;1.7
62;3;1.5
63;2;1.75
64;2;1.3
65;2;1.45
66;2;1.5
67;2;1.7
68;2;1.45
69;2;1.6
70;3;1.45
71;3;1.55
72;2;1.3
73;2;1.15
74;2;1.55
75;2;1.4
76;2;1.35
77;2;1.4
78;3;1.5
79;3;1.7
80;2;0.9
81;2;1.05
82;3;1.05
83;2;1.0
84;2;1.45
85;3;1.55
86;2;1.3
87;2;1.45
88;3;1.6
89;2;1.15
90;2;1.15
91;2;1.6
92;2;1.5
93;2;1.25
94;2;1.35
95;3;1.45
96;3;1.4
97;3;1.6
98;3;1.3
99;2;1.15
100;2;1.3
101;2;1.5
102;2;0.9
103;2;1.3
104;3;0.95
105;4;1.4
106;2;1.35
107;3;1.45
108;2;1.45
109;3;1.4
110;3;1.6
111;2;1.25
112;2;1.0
113;2;1.4
114;2;1.35
115;3;1.35
116;2;1.45
117;3;1.65
118;2;1.5
119;3;1.6
120;3;1.35
121;2;1.2
122;2;1.35
123;2;1.6
124;3;1.7
125;3;1.5
126;3;1.7
127;2;1.45
128;3;1.7
129;4;2.1
130;2;1.4
131;3;1.7
132;2;1.45
133;3;1.75
134;2;1.5
135;2;1.35
136;2;1.45
137;3;1.3
138;4;1.65
139;3;1.45
140;3;1.65
141;2;1.6
Meranie: 18
0;3;1.65
1;3;1.9
2;3;1.65
3;2;1.55
4;2;1.85
5;3;1.8
6;2;1.8
7;2;1.65
8;2;1.85
9;3;1.8
10;3;1.65
11;2;1.7
12;3;1.75
13;3;1.8
14;2;1.65
15;2;1.65
16;2;1.55
17;3;1.75
18;2;1.8
19;3;1.9
20;2;1.5
21;2;1.45
22;2;1.55
23;3;1.55
24;2;1.55
25;2;1.25
26;2;1.45
27;4;1.85
28;3;1.5
29;2;1.4
30;3;1.4
31;2;1.35
32;3;1.4
33;2;1.4
34;2;1.45
35;2;1.6
36;3;1.65
37;3;1.8
38;2;1.35
39;2;1.65
40;2;1.35
41;2;1.65
42;3;1.6
43;2;1.3
44;3;1.65
45;2;1.45
46;4;1.75
47;2;1.6
48;3;1.45
49;2;1.3
50;3;1.6
51;2;1.55
52;4;1.45
53;3;1.35
54;2;1.35
55;3;1.75
56;2;1.55
57;2;1.75
58;3;1.3
59;2;1.2
60;3;1.5
61;2;1.3
62;2;1.35
63;3;1.45
64;3;1.7
65;2;1.5
66;3;1.55
67;3;1.25
68;3;1.45
69;2;1.25
70;2;1.25
71;3;1.65
72;2;1.25
73;3;1.65
74;2;1.55
75;2;1.25
76;3;2.0
77;3;1.5
78;2;1.55
79;3;1.85
80;2;1.35
81;3;1.6
82;4;1.75
83;2;1.6
84;3;1.65
85;2;1.4
86;2;1.4
87;4;1.6
88;3;1.4
89;3;1.55
90;3;1.75
91;2;1.55
92;3;1.65
93;2;1.35
94;2;1.45
95;4;2.05
96;2;1.3
97;4;1.4
98;2;1.6
99;2;1.45
100;2;1.45
101;2;1.3
102;3;1.85
103;3;1.45
104;3;1.65
105;3;1.5
106;3;1.45
107;2;1.45
108;3;1.8
109;3;1.55
110;3;1.8
111;3;1.7
112;3;1.6
113;3;1.85
114;2;1.3
115;2;1.4
116;4;1.95
117;3;1.45
118;2;1.8
119;3;1.85
120;3;1.55
121;3;1.7
122;3;1.85
123;2;1.5
124;2;1.6
125;2;1.45
126;2;1.55
127;3;1.7
128;3;1.65
129;2;1.5
130;3;1.45
131;2;1.65
132;3;2.0
133;2;1.55
134;2;1.3
135;2;1.55
136;3;1.4
137;2;1.4
138;2;1.35
139;3;1.95
140;3;1.25
141;2;1.5
142;3;1.7
143;2;1.2
144;2;1.65
145;4;1.55
146;2;1.25
147;3;1.55
148;2;1.6
149;3;1.65
150;2;1.7
151;2;1.4
152;3;1.7
153;2;1.45
154;3;1.65
155;3;1.65
156;3;1.45
157;3;1.9
158;2;1.8
159;3;1.9
160;2;1.55
161;2;1.65
162;4;1.6
163;2;1.35
164;3;1.45
165;3;1.85
166;2;1.4
167;3;1.55
168;2;1.6
169;3;1.55
170;3;1.35
171;3;1.9
172;2;1.75
173;3;1.5
174;3;1.7
175;3;1.55
176;2;1.5
177;2;1.2
178;2;1.45
179;2;1.65
180;2;1.6
181;3;1.35
182;2;1.55
183;2;1.4
184;2;1.6
185;3;1.45
186;3;1.65
187;2;1.4
188;4;2.0
189;2;1.4
190;2;1.45
191;2;1.6
192;3;1.75
193;3;1.5
194;2;1.5
195;3;1.65
196;3;1.55
197;3;2.1
198;2;1.55
199;3;1.7
200;3;2.05
201;2;1.6
202;3;1.75
203;3;1.5
204;3;1.65
205;2;1.75
206;2;1.6
207;3;1.7
208;3;1.45
209;2;1.35
210;2;1.55
211;4;1.75
212;4;1.8
213;3;2.0
214;2;1.55
215;2;1.75
216;2;1.55
217;3;1.9
218;3;1.75
219;3;1.7
220;3;1.6
221;4;1.95
222;3;1.75
223;2;1.7
224;2;1.45
225;3;1.8
226;2;1.5
227;3;2.0
228;2;1.6
229;2;1.35
230;3;1.7
231;3;1.6
232;3;1.85
233;3;1.4
234;3;1.45
235;4;1.85
236;2;1.45
237;3;1.75
238;2;1.65
239;3;1.65
240;2;2.1
241;2;1.5
242;3;1.55
243;3;1.35
244;3;1.6
245;3;1.6
246;3;1.8
247;3;1.6
248;3;1.4
249;3;1.5
250;2;1.65
251;3;2.15
252;2;1.45
253;3;1.45
254;2;1.5
255;3;1.7
256;3;1.7
257;3;1.65
258;3;1.85
259;2;1.5
260;3;1.75
261;3;1.65
262;2;1.55
263;2;1.5
264;3;1.6
265;3;1.8
266;2;1.45
267;3;1.7
268;2;1.4
269;2;1.45
270;2;1.5
271;3;1.6
272;2;1.45
273;4;1.65
274;2;1.25
275;3;1.8
276;2;1.6
277;2;1.45
278;3;1.5
279;2;1.55
280;3;1.7
281;2;1.65
282;2;1.7
283;3;1.4
284;3;1.85
285;2;1.5
286;2;1.35
287;2;1.65
288;3;1.6
289;3;1.7
290;2;1.7
291;2;1.45
292;2;1.35
293;2;1.4
294;2;1.5
295;2;1.4
296;2;1.3
297;2;1.45
298;2;1.35
299;3;1.55
300;2;1.4
301;2;1.4
302;2;1.45
303;2;1.45
304;2;1.45
305;2;1.3
306;2;1.4
307;2;1.3
308;3;1.45
309;2;1.35
310;2;1.2
311;2;1.6
312;4;1.5
313;2;1.4
314;3;1.4
315;2;1.55
316;2;1.35
317;2;1.3
318;4;1.55
319;2;1.4
320;2;1.4
321;2;1.3
322;3;1.95
323;3;1.65
324;2;1.45
325;4;1.8
326;2;1.35
327;3;1.45
328;3;1.65
329;2;1.2
330;3;1.4
331;2;1.35
332;2;1.35
333;2;1.5
334;3;1.5
335;3;1.6
336;2;1.3
337;4;1.75
338;3;1.35
339;2;1.45
340;2;1.4
341;2;1.55
342;2;1.35
343;2;1.1
344;2;1.5
345;2;1.45
346;2;1.4
347;2;1.4
348;3;1.35
349;3;1.35
350;3;1.55
351;3;1.5
352;2;1.35
353;2;1.5
354;2;1.55
355;2;1.55
356;3;1.5
357;2;1.75
358;3;1.45
359;3;1.9
360;4;1.8
361;2;1.6
362;3;1.65
363;3;1.5
364;4;1.65
365;2;1.4
366;2;1.45
367;2;1.1
368;3;1.05
369;3;1.25
370;2;1.4
371;3;1.5
372;2;1.7
373;3;1.8
374;3;1.7
375;3;1.35
376;2;1.5
377;3;1.65
378;3;1.65
379;2;1.5
380;2;1.25
381;3;1.45
382;2;1.2
383;2;1.4
384;2;1.65
385;2;1.5
386;4;1.7
387;3;1.65
388;2;1.65
389;3;1.8
390;2;1.65
391;2;1.55
392;3;1.75
393;2;1.5
394;2;1.6
395;2;1.5
396;2;1.5
397;2;1.35
398;2;1.35
399;4;1.55
400;2;1.5
401;2;1.55
402;2;1.6
403;2;1.4
404;2;1.4
405;3;1.2
406;2;1.35
407;2;1.35
408;3;1.65
409;4;1.65
410;2;1.35
411;3;1.55
412;2;1.5
413;2;1.5
414;3;1.6
415;3;1.55
416;2;1.35
417;3;1.45
418;3;1.35
419;2;1.15
420;3;1.65
421;2;1.4
422;3;1.55
423;3;1.4
424;3;1.5
425;2;1.2
426;3;1.6
427;2;1.25
428;3;1.7
429;3;1.4
430;2;1.35
431;2;1.4
432;3;1.55
433;2;1.6
434;4;1.5
435;2;1.8
436;3;1.85
437;3;1.8
438;3;1.6
439;3;1.25
440;2;1.55
441;3;1.65
442;3;1.6
443;2;1.35
444;2;1.5
445;2;1.3
446;3;1.55
447;3;1.55
448;3;1.35
449;3;1.45
450;3;1.45
451;3;1.35
452;2;1.3
453;2;1.5
454;3;1.35
455;2;1.05
456;2;1.55
457;2;1.6
458;3;1.65
459;3;1.35
460;2;1.35
461;3;1.65
462;2;1.35
463;2;1.4
464;3;1.5
465;3;1.4
466;3;1.3
467;3;1.5
468;2;1.2
469;3;1.6
470;2;1.55
471;2;1.5
472;2;1.4
473;3;1.65
474;3;1.65
475;2;1.45
476;2;1.55
477;3;1.35
478;3;2.0
479;3;1.5
480;3;1.5
481;4;1.55
482;2;1.45
483;3;1.5
484;2;1.2
485;3;1.35
486;3;1.95
487;3;1.8
488;2;1.5
489;2;1.6
490;4;1.9
491;3;1.65
492;2;1.1
493;2;1.45
494;3;1.4
495;2;1.45
496;2;1.4
497;2;1.55
498;2;1.4
499;3;1.55
500;3;1.45
501;2;1.7
502;2;1.3
503;2;1.2
504;3;1.4
505;3;1.6
506;2;1.5
507;2;1.55
508;3;1.35
509;3;1.75
510;3;1.5
511;4;1.75
512;2;1.4
513;3;1.65
514;2;1.6
515;3;1.6
516;2;1.55
517;3;1.65
518;3;1.75
519;2;1.55
520;3;1.65
521;3;1.75
522;3;1.55
523;3;1.45
524;2;1.4
525;2;1.6
526;3;1.5
527;3;1.6
528;2;1.4
529;2;1.2
530;2;1.55
531;2;1.25
532;2;1.5
533;3;1.4
534;3;1.4
535;2;1.55
536;3;1.55
537;2;1.65
538;2;1.45
539;3;1.9
540;2;1.25
541;2;1.45
542;3;1.35
543;2;1.5
544;2;1.2
545;2;1.65
546;2;1.3
547;2;1.25
548;2;1.35
549;2;1.5
550;2;1.55
551;2;1.25
552;3;1.65
553;3;1.65
554;2;1.3
555;4;1.8
556;2;1.2
557;3;1.4
558;2;1.35
559;3;1.4
560;4;1.65
561;2;1.5
562;2;1.65
563;3;1.4
564;2;1.25
565;3;1.5
566;3;1.55
567;2;1.65
568;2;1.15
569;2;1.35
570;2;1.45
571;2;1.45
572;2;1.4
573;2;1.25
Meranie: 19
0;2;1.45
1;3;1.55
2;2;1.6
3;3;1.5
4;2;1.4
5;4;1.65
6;2;1.65
7;4;1.85
8;3;1.9
9;3;1.65
10;2;1.45
11;2;1.6
12;2;1.6
13;4;1.5
14;4;1.75
15;2;1.7
16;3;1.5
17;3;1.55
18;2;1.3
19;2;1.55
20;2;1.35
21;2;1.25
22;2;1.4
23;2;1.35
24;3;1.4
25;2;1.6
26;2;1.3
27;3;1.85
28;2;1.25
29;3;1.7
30;2;1.45
31;2;1.55
32;3;1.65
33;2;1.2
34;3;1.55
35;2;1.5
36;2;1.45
37;2;1.45
38;3;1.65
39;3;1.3
40;3;1.55
41;2;1.45
42;2;1.6
43;2;1.35
44;2;1.45
45;2;1.4
46;2;1.45
47;2;1.25
48;3;1.55
49;3;1.7
50;3;1.3
51;3;1.3
52;3;1.8
53;4;1.65
54;2;1.25
55;3;1.4
56;3;1.65
57;3;1.45
58;2;1.55
59;2;1.4
60;3;1.7
61;2;1.45
62;4;1.55
63;3;1.55
64;3;1.85
65;3;1.8
66;2;1.5
67;2;1.45
68;2;1.35
69;2;1.4
70;3;1.45
71;2;1.4
72;3;1.8
73;3;1.7
74;4;1.95
75;2;1.4
76;3;1.4
77;2;1.35
78;3;1.7
79;3;1.35
80;4;1.7
81;2;1.65
82;2;1.2
83;2;1.65
84;3;1.35
85;2;1.2
86;2;1.35
87;2;1.25
88;2;1.5
89;2;1.5
90;2;1.3
91;3;1.65
92;2;1.5
93;2;1.2
94;3;1.35
95;3;1.65
96;2;1.3
97;3;1.55
98;3;1.35
99;3;1.75
100;3;1.45
101;2;1.6
102;2;1.5
103;3;1.55
104;3;1.3
105;2;1.3
106;2;1.2
107;3;1.6
108;2;1.2
109;2;1.3
110;2;1.5
111;3;1.45
112;3;1.5
113;2;1.3
114;2;1.1
115;2;1.35
116;3;1.65
117;2;1.5
118;2;1.45
119;2;1.35
120;2;1.5
121;2;1.25
122;2;1.4
123;2;1.5
124;2;1.7
125;4;1.6
126;2;1.45
127;2;1.3
128;4;1.55
129;2;1.35
130;3;1.75
131;2;1.6
132;3;1.6
133;2;1.6
134;2;1.75
135;4;1.6
136;3;1.55
137;2;1.45
138;2;1.45
139;3;1.6
140;3;1.6
141;2;1.3
142;2;1.5
143;2;1.4
144;2;1.75
145;3;1.45
146;3;1.6
147;3;1.65
148;3;1.45
149;2;1.3
150;2;1.6
151;2;1.55
152;2;1.6
153;2;1.5
154;2;1.35
155;3;1.9
156;2;1.6
157;2;1.25
158;3;1.5
159;2;1.35
160;2;1.3
161;2;1.35
162;3;1.55
163;2;1.4
164;2;1.4
165;2;1.5
166;2;1.35
167;2;1.4
168;2;1.35
169;2;1.45
170;2;1.35
171;2;1.3
172;2;1.3
173;3;1.75
174;4;1.5
175;2;1.35
176;2;1.7
177;3;1.8
178;2;1.55
179;3;1.5
180;3;1.45
181;2;1.6
182;2;1.45
183;4;1.75
184;3;1.55
185;2;1.3
186;3;1.6
187;2;1.5
188;3;1.6
189;3;1.55
190;2;1.65
191;3;1.5
192;2;1.5
193;2;1.5
194;2;1.7
195;4;1.6
196;3;1.4
197;2;1.5
198;3;1.9
199;2;1.45
200;2;1.4
201;2;1.75
202;2;1.6
203;3;1.4
204;3;1.45
205;3;1.7
206;3;1.5
207;2;1.3
208;3;1.65
209;2;1.65
210;3;1.65
211;3;1.7
212;2;1.3
213;2;1.55
214;3;1.9
215;3;1.45
216;4;1.6
217;3;1.75
218;2;1.5
219;3;1.4
220;2;1.65
221;2;1.4
222;3;1.5
223;2;1.75
224;3;1.45
225;2;1.3
226;3;1.65
227;3;1.5
228;2;1.55
229;3;1.6
230;2;1.45
231;2;1.4
232;2;1.3
233;3;1.75
234;3;1.5
235;2;1.45
236;3;1.4
237;3;1.6
238;3;1.4
239;3;1.7
240;4;1.6
241;3;1.55
242;2;1.35
243;2;1.55
244;4;1.75
245;2;1.55
246;3;1.65
247;3;1.75
248;2;1.35
249;3;1.6
250;3;1.55
251;2;1.4
252;2;1.3
253;4;1.6
254;3;1.65
255;2;1.5
256;2;1.5
257;2;1.35
258;3;1.7
259;2;1.6
260;3;1.65
261;3;1.7
262;2;1.45
263;2;1.3
264;3;1.65
265;2;1.35
266;2;1.45
267;2;1.5
268;2;1.75
269;3;1.6
270;3;1.35
271;2;1.4
272;2;1.3
273;3;1.4
274;2;1.55
275;2;1.45
276;2;1.35
277;3;1.55
278;3;1.65
279;3;1.55
280;2;1.5
281;2;1.55
282;2;1.4
283;2;1.25
284;3;1.45
285;2;1.6
286;2;1.3
287;2;1.3
288;2;1.4
289;3;1.45
290;2;1.55
291;2;1.4
292;4;1.7
293;3;1.25
294;2;1.4
295;3;1.7
296;4;1.45
297;2;1.5
298;2;1.5
299;2;1.5
300;2;1.35
301;2;1.55
302;2;1.7
303;3;1.5
304;2;1.35
305;2;1.2
306;2;1.05
307;2;1.25
308;2;1.35
309;2;1.35
310;3;1.45
311;2;1.45
312;2;1.6
313;3;1.7
314;3;1.9
315;2;1.55
316;2;1.4
317;2;1.25
318;4;1.55
319;3;1.5
320;2;1.65
321;2;1.5
322;2;1.4
323;2;1.45
324;2;1.5
325;3;1.3
326;2;1.45
327;2;1.55
328;2;1.5
329;2;1.65
330;3;1.6
331;2;1.5
332;3;2.05
333;3;1.55
334;2;1.6
335;2;1.6
336;4;1.6
337;3;1.8
338;4;1.45
339;2;1.65
340;2;1.75
341;2;1.25
342;3;1.7
343;2;1.55
344;3;1.45
345;3;1.75
346;2;1.4
347;4;2.0
348;3;1.45
349;2;1.35
350;2;1.5
351;3;1.6
352;2;1.5
353;3;1.85
354;3;1.85
355;2;1.45
356;3;1.65
357;2;1.6
358;4;1.65
359;2;1.65
360;3;1.6
361;2;1.35
362;2;1.3
363;3;1.85
364;3;1.45
365;2;1.45
366;3;1.75
367;2;1.45
368;2;1.3
369;3;1.7
370;2;1.6
371;2;1.3
372;2;1.45
373;2;1.45
374;3;1.75
375;2;1.55
376;3;1.45
377;2;1.4
378;3;1.6
379;2;1.25
380;2;1.5
381;2;1.2
382;2;1.2
383;2;1.3
384;2;1.25
385;3;1.65
386;2;1.5
387;2;1.3
388;2;1.25
389;2;1.45
390;2;1.45
391;3;1.55
392;2;1.45
393;3;1.4
394;3;1.5
395;3;1.5
396;4;1.55
397;3;1.7
398;3;1.6
399;3;1.6
400;4;1.5
401;2;1.3
402;2;1.4
403;2;1.3
404;3;1.6
405;2;1.7
406;3;1.45
407;3;1.4
408;3;1.3
409;2;1.55
410;2;1.55
411;2;1.45
412;4;1.7
413;2;1.75
414;3;1.85
415;2;1.4
416;3;1.6
417;2;1.7
418;2;1.55
419;2;1.85
420;2;1.4
421;4;1.8
Meranie: 20
0;3;1.65
1;3;1.85
2;2;1.65
3;3;1.8
4;2;1.4
5;2;1.8
6;3;1.6
7;2;1.5
8;3;1.85
9;2;1.5
10;2;1.55
11;3;1.7
12;3;1.75
13;4;2.05
14;4;1.75
15;3;1.75
16;2;1.35
17;3;1.6
18;2;1.7
19;2;1.45
20;3;1.65
21;2;1.6
22;2;1.5
23;3;1.9
24;2;1.65
25;3;1.45
26;3;1.6
27;2;1.45
28;2;1.35
29;3;1.4
30;2;1.4
31;2;1.45
32;3;1.75
33;2;1.4
34;2;1.5
35;2;1.6
36;3;1.55
37;2;1.55
38;2;1.4
39;3;1.4
40;2;1.45
41;3;1.95
42;3;1.55
43;2;1.3
44;2;1.55
45;2;1.3
46;3;1.75
47;3;1.4
48;2;1.4
49;3;1.55
50;4;1.8
51;3;1.45
52;3;1.5
53;2;1.4
54;2;1.65
55;2;1.65
56;3;1.55
57;2;1.35
58;3;1.55
59;2;1.15
60;2;1.5
61;2;1.5
62;2;1.45
63;2;1.55
64;2;1.75
65;2;1.35
66;4;1.7
67;2;1.55
68;2;1.55
69;2;1.5
70;2;1.8
71;3;1.55
72;3;1.85
73;4;1.6
74;4;1.65
75;3;1.8
76;3;1.7
77;4;1.8
78;2;1.55
79;3;1.85
80;2;1.7
81;2;1.5
82;4;1.7
83;2;1.55
84;2;1.4
85;3;1.5
86;2;1.25
87;3;1.6
88;2;1.45
89;3;1.7
90;2;1.4
91;3;1.75
92;3;1.45
93;2;1.4
94;2;1.35
95;2;1.45
96;2;1.4
97;3;1.3
98;3;1.75
99;3;1.55
100;3;1.45
101;3;1.4
102;2;1.3
103;3;1.4
104;3;1.85
105;2;1.4
106;4;1.6
107;2;1.3
108;3;1.8
109;3;1.6
110;2;1.35
111;3;1.55
112;3;1.55
113;2;1.55
114;2;1.5
115;2;1.7
116;2;1.3
117;3;1.6
118;2;1.35
119;4;1.95
120;3;1.85
121;3;1.8
122;3;1.7
123;3;1.7
124;2;1.7
125;3;2.0
126;3;1.95
127;2;1.35
128;2;1.65
129;2;1.45
130;2;1.45
131;4;2.0
132;3;1.6
133;4;1.7
134;3;1.7
135;2;1.6
136;2;1.6
137;2;1.5
138;2;1.55
139;2;1.5
140;3;1.35
141;3;1.7
142;3;1.65
143;2;1.65
144;3;1.6
145;3;1.95
146;3;1.6
147;2;1.7
148;3;1.65
149;2;1.4
150;3;1.5
151;3;1.4
152;3;1.55
153;3;1.75
154;3;1.85
155;3;1.65
156;4;1.75
157;3;1.5
158;3;1.55
159;3;1.65
160;2;1.35
161;3;1.35
162;3;1.55
163;3;1.55
164;3;1.5
165;2;1.5
166;2;1.35
167;4;1.7
168;2;1.55
169;3;1.6
170;2;1.3
171;2;1.4
172;4;1.5
173;2;1.5
174;4;1.25
175;2;1.3
176;3;1.6
177;3;1.7
178;2;1.5
179;2;1.6
180;3;1.45
181;2;1.4
182;4;1.5
183;2;1.4
184;3;1.8
185;2;1.5
186;3;1.45
187;4;1.45
188;3;1.6
189;2;1.35
190;3;1.4
191;3;1.65
192;2;1.3
193;2;1.25
194;3;1.85
195;3;1.6
196;3;1.65
197;2;1.35
198;2;1.4
199;4;1.45
200;3;1.6
201;3;1.4
202;2;1.5
203;2;1.4
204;3;1.65
205;4;1.65
206;3;1.6
207;2;1.4
208;3;1.9
209;3;1.55
210;2;1.5
211;3;1.65
212;2;1.35
213;2;1.65
214;2;1.55
215;2;1.35
216;2;1.25
217;2;1.65
218;3;1.8
219;3;1.7
220;2;1.65
221;2;1.45
222;3;1.7
223;3;1.55
224;2;1.75
225;2;1.35
226;3;1.55
227;2;1.45
228;2;1.5
229;3;1.4
230;2;1.5
231;2;1.5
232;3;1.55
233;2;1.5
234;2;1.45
235;3;1.7
236;2;1.55
237;3;1.5
238;2;1.7
239;2;1.4
240;4;1.75
241;3;1.7
242;3;1.65
243;3;1.7
244;2;1.5
245;3;1.55
246;2;1.6
247;3;1.55
248;2;1.3
249;2;1.5
250;2;1.4
251;2;1.25
252;4;1.2
253;3;1.8
254;2;1.05
255;2;1.2
256;3;1.3
257;4;1.65
258;3;1.6
259;3;1.7
260;3;1.7
261;4;1.7
262;2;1.55
263;2;1.6
264;3;1.8
265;2;1.7
266;2;1.55
267;2;1.3
268;2;1.4
269;2;1.5
270;3;1.95
271;3;1.55
272;3;1.8
273;3;1.55
274;2;1.25
275;3;2.05
276;2;1.45
277;2;1.1
278;2;1.45
279;3;1.65
280;2;1.3
281;3;1.45
282;3;1.55
283;2;1.4
284;4;1.4
285;3;1.4
286;2;1.3
287;2;1.6
288;2;1.4
289;3;1.45
290;2;1.35
291;3;1.45
292;3;1.55
293;2;1.7
294;3;1.7
295;2;1.35
296;3;1.6
297;3;1.75
298;3;1.65
299;3;1.5
300;2;1.5
301;3;1.45
302;2;1.35
303;2;1.4
304;3;1.6
305;3;1.5
306;2;1.55
307;2;1.85
308;3;1.5
309;3;1.6
310;3;1.8
311;3;1.75
312;3;1.8
313;2;1.75
314;2;1.4
315;3;1.9
316;4;1.85
317;2;1.3
318;3;1.5
319;3;1.7
320;2;1.25
321;2;1.55
322;2;1.4
323;2;1.45
324;2;1.8
325;3;1.95
326;3;1.75
327;3;1.45
328;3;1.6
329;2;1.6
330;3;1.6
331;3;1.55
332;3;1.65
333;3;1.75
334;2;1.7
335;2;1.65
336;2;1.6
337;2;1.45
338;3;1.55
339;2;1.35
340;3;1.6
341;3;1.45
342;2;1.25
343;3;1.45
344;3;1.6
345;2;1.35
346;2;1.55
347;3;1.6
348;3;1.7
349;3;1.35
350;2;1.4
351;2;1.45
352;2;1.25
353;3;1.55
354;3;1.55
355;2;1.45
356;2;1.3
357;3;1.75
358;2;1.55
359;3;1.55
360;2;1.65
361;2;1.6
362;3;1.6
363;3;1.9
364;3;1.9
365;2;1.35
366;2;1.5
367;3;1.5
368;3;1.6
369;2;1.45
370;2;1.7
371;3;1.9
372;2;1.6
373;2;1.4
374;2;1.35
375;2;1.5
376;3;1.55
377;3;1.8
378;2;1.45
379;3;1.75
380;4;1.95
381;2;1.6
382;2;1.6
383;2;1.5
384;3;1.65
385;2;1.5
386;2;1.4
387;2;1.8
388;3;1.7
389;2;1.5
390;2;1.45
391;3;1.65
392;2;1.5
393;3;1.45
394;2;1.45
395;3;1.45
396;3;1.65
397;2;1.3
398;3;1.4
399;2;1.4
400;3;1.7
401;3;1.6
402;4;1.55
403;2;1.45
404;2;1.55
405;2;1.5
406;3;1.4
407;3;1.75
408;3;1.7
409;2;1.4
410;3;1.7
411;3;1.6
412;3;1.5
413;4;1.7
414;2;1.55
415;2;1.45
416;2;1.35
417;2;1.35
418;3;1.55
419;2;1.35
420;3;1.5
421;3;1.25
422;2;1.45
423;3;1.8
424;3;1.55
425;2;1.3
426;2;1.45
427;3;1.65
428;2;1.25
429;3;1.4
430;2;1.5
431;2;1.4
432;4;1.45
433;2;1.6
434;3;1.5
435;2;1.7
436;3;1.9
437;2;1.55
438;2;1.55
439;3;1.6
440;3;1.55
441;4;1.7
442;3;1.7
443;3;1.25
444;3;1.6
445;2;1.5
446;2;1.65
447;2;1.45
448;2;1.5
449;3;1.5
450;3;1.65
451;3;1.6
452;3;1.6
453;3;1.4
454;2;1.7
455;3;1.55
456;4;1.5
457;3;1.5
458;2;1.45
459;2;1.4
460;2;1.4
461;3;1.75
462;2;1.5
463;2;1.4
464;2;1.35
465;2;1.3
466;3;1.45
467;2;1.4
468;3;1.5
469;4;1.5
470;3;1.65
471;2;1.45
472;2;1.5
473;3;1.75
474;2;1.4
475;2;1.25
476;2;1.45
477;2;1.3
478;2;1.2
479;3;1.55
480;2;1.45
481;3;1.75
482;3;1.5
483;4;1.35
484;2;1.75
485;2;1.35
486;2;1.4
487;2;1.55
488;3;1.55
489;3;1.35
490;3;1.6
491;2;1.4
492;2;1.65
493;2;1.7
494;3;1.6
495;3;1.65
496;3;1.55
497;3;1.55
498;3;1.6
499;2;1.7
500;3;1.95
501;3;1.65
502;2;1.65
503;3;1.55
504;2;1.55
505;3;1.3
506;3;1.55
507;3;1.65
508;3;1.9
509;2;1.45
510;3;1.85
511;2;1.45
512;2;1.35
513;3;1.3
514;3;1.55
515;3;1.6
516;3;1.8
517;3;1.6
518;2;1.2
519;3;1.75
520;3;1.85
521;3;1.8
522;3;1.75
523;2;1.55
524;2;1.85
525;2;1.35
526;3;1.5
527;4;1.6
528;2;1.5
529;3;1.65
530;3;1.6
531;2;1.6
532;3;1.55
533;3;1.4
534;2;1.15
535;2;1.4
536;3;1.5
537;3;1.45
538;3;1.65
539;3;1.4
540;3;1.5
541;3;1.4
542;2;1.35
543;3;1.45
544;2;1.2
545;2;1.4
546;3;1.25
547;3;1.45
548;2;1.4
549;3;1.55
550;2;1.25
551;3;1.7
552;4;1.55
553;2;1.4
554;2;1.15
555;2;1.25
556;2;1.5
557;2;1.6
558;2;1.45
559;4;1.6
560;3;2.0
561;2;1.4
562;3;1.35
563;2;1.35
564;2;1.35
565;3;1.3
566;2;1.25
567;3;1.45
568;2;1.3
569;2;1.3
570;2;1.2
571;3;1.45
572;3;1.6
573;2;0.95
574;2;1.1
575;2;1.15
576;2;1.55
577;2;1.4
578;2;1.3
579;3;1.45
580;3;1.5
581;2;1.15
582;2;1.6
583;2;1.3
584;2;1.2
585;4;1.55
586;2;1.6
587;3;1.75
588;3;1.9
589;2;1.75
590;2;1.5
591;3;1.55
592;3;1.45
593;3;1.75
594;2;1.4
595;4;1.3
596;3;1.6
597;3;1.55
598;2;1.45
599;2;1.7
600;3;1.6
601;2;1.35
602;2;1.4
603;2;1.5
604;2;1.5
605;2;1.5
606;3;1.8
607;2;1.35
608;3;1.5
609;3;1.55
610;2;1.4
611;3;1.5
612;2;1.55
613;2;1.45
614;3;1.6
615;3;1.85
616;3;1.65
617;2;1.5
618;4;1.8
619;4;1.65
620;2;1.45
621;2;1.35
622;2;1.5
623;2;1.55
624;3;1.65
625;3;1.65
626;2;1.4
627;3;1.9
628;3;1.3
629;3;1.5
630;2;1.4
631;2;1.4
632;2;1.3
633;2;1.75
634;2;1.7
635;3;1.5
636;3;1.6
637;2;1.55
638;3;1.7
639;3;1.45
640;2;1.45
641;4;1.7
642;3;1.55
643;2;1.4
644;2;1.4
645;3;1.55
646;3;1.55
647;2;1.45
648;2;1.4
649;3;1.6
650;3;1.5
651;2;1.35
652;3;1.55
653;2;1.6
654;3;1.4
655;2;1.4
656;2;1.45
657;3;1.4
658;3;1.25
659;2;1.35
660;2;1.5
661;4;1.7
662;2;1.55
663;3;1.5
664;3;1.45
665;3;1.6
666;4;1.7
667;2;1.5
668;3;1.75
669;3;1.65
670;2;1.55
671;2;1.3
672;3;1.7
673;2;1.45
674;3;1.55
675;2;1.3
676;2;1.5
677;3;1.5
678;2;1.4
679;2;1.5
680;2;1.2
681;3;1.75
682;2;1.35
683;2;1.75
684;2;1.45
685;2;1.6
686;2;1.5
687;2;1.65
688;3;1.55
689;2;1.45
690;2;1.6
691;3;1.5
692;2;1.4
693;2;1.5
694;2;1.6
695;3;1.55
696;2;1.4
697;3;1.5
698;3;1.4
699;3;1.45
700;2;1.25
701;3;1.6
702;2;1.5
703;3;1.55
704;2;1.45
705;2;1.4
706;2;1.3
707;2;1.2
708;3;1.4
709;3;1.6
710;2;1.3
711;2;1.4
712;2;1.3
713;3;1.5
714;3;1.5
715;3;1.25
716;2;1.4
717;2;1.45
718;2;1.6
719;2;1.3
720;2;1.3
721;3;1.4
722;2;1.35
723;2;1.35
724;3;1.5
725;2;1.45
726;2;1.4
727;3;1.5
728;3;1.6
729;2;1.6
730;3;1.45
731;2;1.5
732;2;1.6
733;2;1.8
734;2;1.45
735;2;1.7
736;3;1.8
737;2;1.55
738;2;1.8
739;3;1.95
740;2;1.55
741;3;1.85
742;3;2.0
743;3;2.1
744;3;1.8
745;3;1.55
746;3;1.55
747;2;1.65
748;3;1.7
749;3;1.95
750;3;1.9
751;2;1.55
752;2;1.55
753;2;1.5
754;2;1.55
755;3;1.4
756;3;2.0
757;2;1.7
758;2;1.65
759;2;1.45
760;3;1.55
761;2;1.65
762;2;1.55
763;3;2.1
764;3;1.8
765;3;1.75
766;2;1.45
767;3;1.85
768;3;1.6
769;3;1.75
770;4;1.65
771;3;1.55
772;2;1.6
773;3;1.7
774;3;1.8
775;2;1.45
776;3;1.45
777;3;1.65
778;2;1.55
779;2;1.6
780;2;1.45
781;2;1.35
782;3;1.6
783;3;1.7
784;2;1.55
785;2;1.55
786;3;1.45
787;4;1.6
788;3;1.8
789;2;1.55
790;2;1.3
791;3;1.55
792;3;1.6
793;2;1.5
794;2;1.35
795;3;1.35
796;2;1.55
797;2;1.35
798;3;1.55
799;3;1.85
800;2;1.4
801;3;1.85
802;3;1.45
803;2;1.6
804;3;1.4
805;2;1.45
806;3;1.35
807;2;1.5
808;2;1.55
809;2;1.45
810;3;1.45
811;3;1.7
812;2;1.6
813;2;1.4
814;2;1.55
815;3;1.6
816;3;1.6
817;3;1.55
818;3;1.5
819;3;1.5
820;2;1.3
821;4;1.85
822;3;1.8
823;2;1.3
824;3;1.6
825;2;1.2
826;3;1.45
827;2;1.55
828;3;1.35
829;3;1.6
830;2;1.55
831;3;1.4
832;3;1.5
833;3;1.6
834;2;1.55
835;2;1.45
836;3;1.4
837;2;1.15
838;2;1.3
839;2;1.6
840;4;1.45
841;3;1.8
842;2;1.55
843;2;1.7
844;3;1.5
845;3;1.8
846;2;1.35
847;3;1.7
848;2;1.45
849;3;1.65
850;3;1.45
851;3;1.65
852;3;1.55
853;3;1.75
854;3;1.7
855;3;1.85
856;3;1.75
857;2;1.45
858;3;1.55
859;2;1.5
860;3;1.75
861;2;1.6
862;2;1.45
863;2;1.5
864;3;1.65
865;2;1.45
866;2;1.5
867;3;1.4
868;3;1.6
869;2;1.35
870;2;1.55
871;2;1.7
872;3;1.8
873;3;1.55
874;3;1.7
875;3;1.4
876;2;1.55
877;3;1.5
878;3;1.9
879;2;1.5
880;2;1.55
881;2;1.5
882;3;1.5
883;2;1.35
884;2;1.6
885;2;1.35
886;2;1.85
887;4;1.55
888;3;1.7
889;3;1.45
890;3;1.65
891;3;1.8
892;2;1.9
893;2;1.45
894;2;1.8
895;2;1.6
896;3;1.7
897;3;1.7
898;4;1.9
899;2;1.45
900;3;1.55
901;3;1.6
902;2;1.3
903;3;1.65
904;4;1.45
905;3;1.65
906;2;1.45
907;2;1.55
908;3;1.65
909;2;1.25
910;3;1.45
911;3;1.7
912;2;1.35
913;3;1.6
914;3;1.25
915;2;1.35
916;2;1.6
917;2;1.5
918;3;1.8
919;3;1.8
920;2;1.5
921;3;1.55
922;3;1.4
923;3;1.85
924;2;1.65
925;4;1.6
926;2;1.7
927;3;1.9
928;2;1.75
929;3;1.65
930;3;2.05
931;2;1.7
932;2;1.4
933;2;1.4
934;2;1.4
935;3;1.6
936;2;1.6
937;3;1.5
938;3;1.6
939;3;1.55
940;2;1.35
941;2;1.45
942;4;1.75
943;3;1.45
944;2;1.65
945;2;1.5
946;2;1.4
947;2;1.6
948;2;1.4
949;3;1.5
950;2;1.6
951;3;1.55
952;2;1.65
953;3;1.85
954;3;1.65
955;2;1.55
956;3;1.7
957;2;1.25
958;3;1.75
959;4;2.0
960;3;1.35
961;3;1.7
962;3;1.7
963;3;1.55
964;3;1.7
965;3;1.85
966;2;1.65
967;2;1.45
968;3;1.75
969;2;1.5
970;2;1.65
971;2;1.35
972;3;1.55
973;3;1.85
974;3;1.7
975;2;1.4
976;2;1.3
977;3;1.6
978;3;1.5
979;2;1.5
980;2;1.55
981;3;1.4
982;3;1.65
983;2;1.65
984;4;1.7
985;3;1.45
986;3;1.7
987;2;1.6
988;2;1.45
989;2;1.4
990;3;1.65
991;2;1.45
992;2;1.5
993;2;1.45
994;4;2.0
995;2;1.35
996;2;1.85
997;2;1.65
998;4;1.65
999;2;1.45
1000;3;1.85
1001;2;1.45
1002;2;1.4
1003;2;1.65
1004;2;1.3
1005;2;1.5
1006;3;1.75
1007;2;1.5
1008;3;1.5
1009;3;1.35
1010;2;1.45
1011;2;1.3
1012;2;1.3
1013;3;1.6
1014;2;1.4
1015;3;1.75
1016;2;1.6
1017;3;1.45
1018;2;1.35
1019;3;1.85
1020;2;1.4
1021;2;1.3
1022;2;1.5
1023;2;1.4
1024;2;1.6
1025;3;1.85
1026;2;1.55
1027;2;1.35
1028;2;1.45
1029;2;1.4
1030;3;1.75
1031;2;1.3
1032;2;1.6
1033;2;1.25
1034;3;1.55
1035;3;1.5
1036;2;1.45
1037;2;1.55
1038;3;1.5
1039;2;1.2
1040;2;1.0
1041;2;1.35
1042;3;1.45
1043;3;1.5
1044;3;1.45
1045;2;1.3
1046;2;1.35
1047;3;1.6
1048;3;1.45
1049;3;1.5
1050;2;1.55
1051;2;1.55
1052;3;1.5
1053;2;1.2
1054;2;1.45
1055;3;1.45
1056;4;1.85
1057;3;1.8
1058;3;1.75
1059;2;1.5
1060;2;1.55
1061;2;1.7
1062;3;1.9
1063;2;1.4
1064;3;1.55
1065;2;1.45
1066;3;1.55
1067;2;1.4
1068;2;1.2
1069;3;1.65
1070;2;1.4
1071;3;1.8
1072;3;1.35
1073;2;1.45
1074;3;1.75
1075;2;1.35
1076;3;1.4
1077;3;1.35
1078;2;1.4
1079;3;1.6
1080;3;1.7
1081;3;1.45
1082;2;1.3
1083;2;1.1
1084;2;1.35
1085;2;1.2
1086;2;1.4
1087;3;1.5
1088;2;1.35
1089;3;1.8
1090;2;1.45
1091;2;1.35
1092;2;1.7
1093;2;1.45
1094;2;1.6
1095;3;1.6
1096;3;1.55
1097;2;1.3
1098;3;1.55
1099;3;1.5
1100;2;1.45
1101;3;1.5
1102;3;1.5
1103;2;1.45
1104;2;1.15
1105;3;1.95
1106;2;1.35
1107;2;1.5
1108;2;1.45
1109;3;1.7
1110;2;1.7
1111;3;1.5
1112;3;1.5
1113;2;1.45
1114;3;1.5
1115;2;1.4
1116;3;1.6
1117;2;1.3
1118;2;1.7
1119;3;1.5
1120;3;1.5
1121;3;1.65
1122;3;1.5
1123;2;1.55
1124;4;1.8
1125;3;1.3
1126;3;1.65
1127;3;1.75
1128;3;1.9
1129;4;1.7
1130;3;1.6
1131;3;1.7
1132;3;1.55
1133;2;1.35
1134;2;1.45
1135;3;1.35
1136;2;1.5
1137;3;1.6
1138;3;1.75
1139;3;1.4
1140;2;1.45
1141;2;1.5
1142;2;1.5
1143;3;1.45
1144;3;1.3
1145;2;1.3
1146;3;1.75
1147;2;1.25
1148;2;1.3
1149;2;1.25
1150;2;1.35
1151;3;1.65
1152;2;1.25
1153;2;1.2
1154;3;1.35
1155;2;1.45
1156;3;1.7
1157;2;1.25
1158;3;1.35
1159;3;1.5
1160;3;1.5
1161;2;1.35
1162;2;1.55
1163;2;1.45
1164;3;1.45
1165;2;1.3
1166;2;1.45
1167;2;1.4
1168;3;1.5
1169;2;1.6
1170;2;1.55
1171;3;1.45
1172;4;1.6
1173;3;1.45
1174;3;1.85
1175;2;1.9
1176;3;1.4
1177;3;1.65
1178;2;1.55
1179;3;1.6
1180;3;1.65
1181;3;1.45
1182;3;1.55
1183;2;1.45
1184;2;1.55
1185;3;1.35
1186;4;1.6
1187;3;1.35
1188;2;1.55
1189;2;1.35
1190;3;1.35
1191;3;1.5
1192;2;1.4
1193;3;1.4
1194;2;1.3
1195;3;1.4
1196;3;1.45
1197;2;1.65
1198;2;1.25
1199;2;1.55
1200;2;1.55
1201;2;1.35
1202;3;1.55
1203;2;1.35
1204;3;1.4
1205;2;1.35
1206;3;1.45
1207;3;1.55
1208;2;1.4
1209;2;1.65
1210;2;1.55
1211;2;1.4
1212;3;1.4
1213;2;1.4
1214;2;1.4
1215;2;1.55
1216;2;1.7
1217;3;1.75
1218;2;1.45
1219;2;1.65
1220;3;1.45
1221;3;1.6
1222;2;1.45
1223;2;1.45
1224;3;1.6
1225;3;1.65
1226;3;1.6
1227;3;1.75
1228;2;1.65
1229;3;1.7
1230;4;1.85
1231;2;1.45
1232;2;1.35
1233;3;1.5
1234;4;1.6
1235;2;1.3
1236;2;1.25
1237;2;1.45
1238;3;1.55
1239;2;1.6
1240;2;1.25
1241;2;1.35
1242;4;1.75
1243;2;1.15
1244;3;1.35
1245;2;1.5
1246;2;1.45
1247;3;1.45
1248;2;1.45
1249;2;1.3
1250;3;1.4
1251;2;1.4
1252;3;1.45
1253;2;1.3
1254;2;1.45
1255;2;1.6
1256;2;1.4
1257;3;1.25
1258;3;1.45
1259;2;1.3
1260;2;1.5
1261;2;1.6
1262;3;1.8
1263;2;1.5
1264;4;1.8
1265;3;1.85
1266;3;1.55
1267;2;1.4
1268;2;1.4
1269;2;1.85
1270;2;1.45
1271;2;1.45
1272;2;1.4
1273;2;1.4
1274;4;1.6
1275;2;1.3
1276;3;1.5
1277;3;1.5
1278;2;1.35
1279;3;1.6
1280;3;1.45
1281;3;1.6
1282;2;1.45
1283;2;1.5
1284;2;1.6
1285;3;1.35
1286;3;1.5
1287;2;1.45
1288;2;1.45
1289;3;1.45
1290;2;1.4
1291;3;1.4
1292;3;1.55
1293;3;1.55
1294;3;1.65
1295;3;1.65
1296;2;1.5
1297;3;1.8
1298;2;1.45
1299;3;1.6
1300;3;1.65
1301;2;1.3
1302;2;1.4
1303;2;1.45
1304;2;1.5
1305;2;1.4
1306;4;1.7
1307;2;1.65
1308;2;1.6
1309;3;1.9
1310;2;1.65
1311;3;1.6
1312;2;1.45
1313;3;1.65
1314;3;1.5
1315;2;1.4
1316;3;1.3
1317;2;1.5
1318;3;1.7
1319;2;1.55
1320;3;1.85
1321;2;1.35
1322;2;1.4
1323;3;1.7
1324;3;2.1
1325;2;1.35
1326;3;1.55
1327;3;2.0
1328;2;1.2
1329;3;1.75
1330;3;1.65
1331;2;1.35
1332;2;1.6
1333;3;1.6
1334;4;2.05
1335;3;1.75
1336;2;1.45
1337;3;1.4
1338;3;1.4
1339;2;1.55
1340;2;1.35
1341;2;1.4
1342;3;1.4
1343;4;1.6
1344;2;1.55
1345;2;1.6
1346;3;1.65
1347;3;1.45
1348;2;1.45
1349;2;1.35
1350;2;1.5
1351;2;1.65
1352;2;1.95
1353;3;1.6
1354;2;1.25
1355;2;1.2
1356;2;1.4
1357;2;1.4
1358;3;1.85
1359;3;1.75
1360;2;1.55
1361;2;1.4
1362;2;1.45
1363;2;1.45
1364;2;1.55
1365;2;1.65
1366;2;1.3
1367;2;1.55
1368;3;1.8
1369;3;1.75
1370;4;1.75
1371;3;1.75
1372;3;1.45
1373;2;1.45
1374;2;1.6
1375;3;1.4
1376;4;1.75
1377;2;1.5
1378;3;1.85
1379;2;1.5
1380;2;1.25
1381;3;1.7
1382;3;1.7
1383;2;1.45
1384;3;1.75
1385;2;1.25
1386;2;1.4
1387;2;1.35
1388;3;1.75
1389;3;1.3
1390;2;1.3
1391;3;1.4
1392;3;1.65
1393;2;1.35
1394;2;1.4
1395;3;1.5
1396;3;1.5
1397;3;1.55
1398;2;1.4
1399;2;1.4
1400;4;1.55
1401;2;1.35
1402;2;1.4
1403;3;1.65
1404;2;1.35
1405;2;1.65
1406;2;1.3
1407;2;1.35
1408;2;1.5
1409;3;1.5
1410;2;1.2
1411;2;1.35
1412;2;1.3
1413;2;1.45
1414;3;1.65
1415;3;1.5
1416;2;1.7
1417;3;1.5
1418;2;1.4
1419;3;1.75
1420;2;1.65
1421;3;1.6
1422;2;1.55
1423;2;1.75
1424;2;1.3
1425;3;1.55
1426;2;1.55
1427;3;1.6
1428;3;1.65
1429;3;1.6
1430;3;1.35
1431;2;1.65
1432;4;1.6
1433;3;1.55
1434;3;1.55
1435;2;1.4
1436;2;1.6
1437;2;1.3
1438;2;1.1
1439;2;1.5
1440;2;1.45
1441;2;1.25
1442;3;1.5
1443;3;1.5
1444;3;1.55
1445;3;1.45
1446;3;1.5
1447;3;1.55
1448;2;1.65
1449;3;1.4
1450;3;1.7
1451;2;1.55
1452;2;1.2
1453;2;1.7
1454;4;1.8
1455;2;1.55
1456;3;1.55
1457;2;1.55
1458;3;1.8
1459;2;1.15
1460;2;1.4
1461;3;1.8
1462;3;1.75
1463;3;1.75
1464;3;1.7
1465;4;1.85
1466;2;1.25
1467;2;1.45
1468;2;1.4
1469;2;1.35
1470;2;1.4
1471;3;1.85
1472;2;1.2
1473;3;1.4
1474;2;1.4
1475;2;1.3
1476;3;1.5
1477;2;1.55
1478;2;1.3
1479;2;1.3
1480;4;1.6
1481;2;1.4
1482;3;1.35
1483;3;1.5
1484;2;1.65
1485;3;1.25
1486;3;2.05
1487;2;1.4
1488;3;1.6
1489;3;1.55
1490;3;1.7
1491;3;1.4
1492;3;1.95
1493;2;1.55
1494;2;1.5
1495;3;1.5
1496;3;1.7
1497;3;1.7
1498;3;1.65
1499;3;1.4
1500;2;1.55
1501;2;1.3
1502;3;1.85
