Meranie: 0
0;3;1.55
1;3;1.85
2;3;2.05
3;3;2.1
4;3;2.15
5;3;2.1
6;3;2.15
7;3;2.25
8;3;2.25
9;3;2.2
10;3;2.3
11;3;2.4
12;3;2.5
13;3;2.55
14;3;2.4
15;3;2.55
16;3;2.6
17;3;2.45
18;3;2.65
19;4;2.75
20;4;2.75
21;4;2.7
22;4;2.65
23;4;2.75
24;4;2.55
25;4;2.55
26;4;2.3
27;4;2.65
28;4;2.75
29;4;2.75
30;4;2.55
31;4;2.45
32;4;2.8
33;4;2.75
34;4;2.65
35;4;2.75
36;4;2.65
37;4;2.6
38;4;2.65
39;4;2.8
40;4;2.6
41;4;2.75
42;4;2.65
43;4;2.9
44;4;2.75
45;4;2.95
46;4;2.9
47;4;2.8
48;4;2.8
49;4;2.9
50;4;2.9
51;4;2.8
52;4;2.8
53;4;2.9
54;4;2.9
55;4;2.75
56;4;2.5
57;4;2.55
58;4;2.8
59;4;2.85
60;4;2.85
61;4;2.8
62;4;2.8
63;4;2.85
64;4;2.85
65;4;2.95
66;4;2.85
67;4;3.0
68;4;2.85
69;4;2.75
70;4;2.85
71;4;2.85
72;4;2.7
73;4;2.95
74;4;2.8
75;4;2.55
76;4;2.85
77;4;2.75
78;4;2.95
79;4;2.95
80;4;2.9
81;4;2.9
82;4;3.0
83;4;2.7
84;4;2.95
85;4;3.05
86;4;3.0
87;4;2.9
Meranie: 1
0;2;1.5
1;2;1.75
2;2;1.8
3;3;2.15
4;3;1.9
5;3;2.25
6;3;2.25
7;3;2.3
8;3;2.25
9;3;2.3
10;3;2.3
11;3;2.35
12;3;2.35
13;3;2.35
14;3;2.35
15;3;2.3
16;3;2.5
17;3;2.25
18;3;2.5
19;3;2.1
20;3;2.5
21;3;2.35
22;3;2.5
23;3;2.5
24;3;2.55
25;3;2.65
26;3;2.6
27;4;2.7
28;4;2.75
29;4;2.55
30;4;2.6
31;4;2.95
32;4;2.7
33;4;2.55
34;4;3.0
35;4;3.05
36;4;2.9
37;4;2.95
38;4;2.8
39;4;2.9
40;4;3.0
41;4;3.1
42;4;2.6
43;4;2.8
44;4;2.95
45;4;3.0
46;4;2.95
47;4;2.85
48;4;3.0
49;4;3.0
50;4;2.9
51;4;2.75
52;4;2.9
53;4;2.9
54;4;2.9
55;4;2.95
56;4;2.85
57;4;2.8
58;4;2.9
59;4;2.95
60;4;2.9
61;4;2.9
62;4;2.85
63;4;2.95
64;4;3.0
65;4;2.8
66;4;3.0
67;4;2.85
68;4;2.85
69;4;2.95
70;4;2.95
71;4;3.0
72;4;3.0
73;4;2.7
74;4;2.9
75;4;2.6
76;4;2.85
77;4;2.8
78;4;2.9
79;4;3.05
80;4;2.95
81;4;2.9
82;4;2.95
83;4;2.95
84;4;2.95
85;4;2.9
86;4;3.0
87;4;3.0
88;4;3.05
89;4;2.85
90;4;3.25
91;4;3.05
92;4;3.0
93;4;3.15
94;4;2.9
95;4;3.15
96;4;2.95
97;4;3.05
98;4;3.1
99;4;3.25
100;4;3.05
101;4;3.1
102;4;3.1
103;4;3.15
104;4;2.95
105;4;3.05
106;4;3.1
107;4;3.1
108;4;3.15
109;4;3.2
110;4;3.15
111;4;3.15
112;4;3.2
113;4;3.25
114;4;3.3
115;4;3.15
116;4;3.05
117;4;3.2
118;4;3.05
119;4;3.05
120;4;3.1
121;4;3.2
122;4;3.2
123;4;3.15
124;4;3.2
125;4;3.15
126;4;3.1
127;4;2.95
128;4;3.1
129;4;3.3
130;4;3.1
131;4;3.1
132;4;3.2
133;4;3.2
134;4;3.15
135;4;3.1
136;4;3.15
137;4;3.25
138;4;3.2
139;4;3.2
140;4;3.3
141;4;3.15
142;4;3.2
143;4;3.2
144;4;3.3
145;4;3.25
146;4;3.25
147;4;3.1
148;4;3.2
149;4;3.1
150;4;3.2
151;4;3.1
152;4;3.1
153;4;3.15
154;4;3.15
155;4;3.2
156;4;3.35
157;4;3.2
158;4;3.2
159;4;3.15
160;4;3.1
161;4;3.15
162;4;3.2
163;4;3.3
164;4;3.3
165;4;3.25
166;4;3.2
167;4;3.15
168;4;3.25
169;4;3.3
170;4;3.25
171;4;3.2
172;4;3.1
173;4;3.1
174;4;3.2
175;4;3.15
176;4;3.2
177;4;2.85
178;4;3.2
179;4;3.05
180;4;3.15
181;4;3.15
182;4;3.05
183;4;3.15
184;4;3.15
185;4;3.2
186;4;3.05
187;4;3.15
188;4;3.15
189;4;3.15
190;4;3.15
191;4;3.05
192;4;3.15
193;4;3.25
194;4;3.05
195;4;3.1
196;4;2.75
197;4;3.15
198;4;3.15
199;4;3.15
200;4;3.1
201;4;3.15
202;4;3.1
203;4;3.15
204;4;3.15
205;4;3.15
206;4;3.3
207;4;3.15
208;4;3.2
209;4;3.2
210;4;3.1
211;4;3.15
212;4;3.2
213;4;3.15
214;4;3.15
215;4;3.1
216;4;3.2
217;4;3.15
218;4;3.2
219;4;3.1
220;4;3.2
221;4;3.1
222;4;3.15
223;4;3.15
Meranie: 2
0;2;1.45
1;2;1.8
2;2;2.1
3;2;2.05
4;2;2.1
5;3;2.15
6;3;2.15
7;3;2.3
8;3;2.3
9;3;2.1
10;3;2.35
11;3;2.25
12;3;2.35
13;3;2.45
14;3;2.2
15;3;2.25
16;3;2.3
17;3;2.4
18;3;2.55
19;3;2.4
20;3;2.6
21;3;2.55
22;3;2.6
23;3;2.6
24;3;2.55
25;3;2.65
26;4;2.7
27;4;2.5
28;4;2.75
29;4;2.7
30;4;2.7
31;4;2.7
32;4;2.75
33;4;2.8
34;4;2.7
35;4;2.7
36;4;2.75
37;4;2.7
38;4;2.45
39;4;2.45
40;4;2.8
41;4;2.7
42;4;2.7
43;4;2.8
44;4;2.7
45;4;2.85
46;4;2.75
47;4;2.75
48;4;2.7
49;4;2.75
50;4;2.75
51;4;2.8
52;4;2.55
53;4;2.8
54;4;2.75
55;4;2.8
56;4;2.75
57;4;2.75
58;4;2.8
59;4;2.8
60;4;2.7
61;4;2.75
62;4;2.8
63;4;2.85
64;4;2.85
65;4;2.85
66;4;2.8
67;4;2.8
68;4;2.75
69;4;2.8
70;4;2.95
71;4;2.8
72;4;2.9
73;4;2.75
74;4;2.75
75;4;2.85
76;4;2.8
77;4;2.85
78;4;2.9
79;4;2.95
80;4;2.95
81;4;2.95
82;4;3.0
83;4;2.9
84;4;2.9
85;4;2.9
86;4;3.0
87;4;3.0
88;4;2.95
89;4;3.05
90;4;2.95
91;4;2.9
92;4;3.15
93;4;2.75
94;4;3.2
95;4;2.85
96;4;2.9
97;4;2.95
98;4;3.2
99;4;3.05
100;4;3.15
101;4;2.9
102;4;3.2
103;4;3.05
104;4;3.2
105;4;3.1
106;4;3.1
107;4;3.1
108;4;3.2
109;4;3.2
110;4;3.2
111;4;2.9
112;4;3.05
113;4;3.15
114;4;2.9
115;4;2.9
116;4;3.15
117;4;3.15
118;4;3.15
119;4;3.15
120;4;3.1
121;4;3.15
122;4;3.15
123;4;3.05
124;4;3.0
125;4;3.25
126;4;3.1
127;4;2.9
128;4;2.95
129;4;3.2
130;4;3.15
131;4;3.15
132;4;3.15
133;4;3.05
134;4;2.9
135;4;3.2
136;4;3.2
137;4;3.2
138;4;3.1
139;4;2.9
140;4;3.0
141;4;3.1
142;4;3.2
143;4;3.15
144;4;2.9
145;4;3.15
146;4;3.15
147;4;3.1
148;4;3.0
149;4;3.15
150;4;3.25
151;4;3.15
152;4;3.0
153;4;3.05
154;4;3.05
155;4;3.2
156;4;3.1
157;4;3.3
158;4;3.15
159;4;3.1
160;4;3.05
161;4;3.35
162;4;3.1
163;4;3.25
164;4;3.1
165;4;3.15
166;4;3.2
167;4;3.05
168;4;3.3
169;4;3.2
170;4;3.2
171;4;3.15
172;4;3.15
173;4;3.05
174;4;2.8
175;4;3.1
176;4;2.95
177;4;3.2
178;4;3.15
179;4;3.0
180;4;3.15
181;4;3.15
182;4;3.1
183;4;3.1
184;4;3.15
185;4;2.95
186;4;2.9
187;4;2.9
188;4;3.1
189;4;3.1
190;4;3.15
191;4;3.15
192;4;3.25
193;4;3.2
194;4;3.15
195;4;3.15
196;4;3.25
197;4;3.15
198;4;3.0
199;4;3.15
200;4;3.25
201;4;3.05
202;4;3.2
203;4;3.0
204;4;2.95
205;4;2.85
206;4;3.1
207;4;3.2
208;4;2.9
209;4;3.1
210;4;2.95
211;4;3.0
212;4;2.95
213;4;3.2
214;4;3.05
215;4;3.15
216;4;3.3
217;4;3.1
218;4;2.9
219;4;3.2
220;4;3.0
221;4;3.05
222;4;3.2
223;4;2.95
224;4;2.8
225;4;3.3
226;4;3.15
227;4;3.05
228;4;2.9
229;4;3.0
230;4;3.1
231;4;3.15
232;4;3.1
233;4;3.1
234;4;3.05
235;4;3.2
236;4;3.05
237;4;3.25
238;4;3.35
239;4;3.15
240;4;3.35
241;4;3.1
242;4;3.2
243;4;3.15
244;4;3.15
245;4;3.25
246;4;3.1
247;4;3.15
248;4;3.05
249;4;3.1
250;4;3.1
251;4;3.3
252;4;3.25
253;4;3.05
254;4;3.2
255;4;3.15
256;4;2.95
257;4;3.1
258;4;3.15
259;4;3.15
260;4;3.25
261;4;2.9
262;4;3.05
263;4;3.0
264;4;3.05
265;4;3.35
266;4;3.1
267;4;3.15
268;4;3.2
269;4;3.1
270;4;3.25
271;4;3.2
272;4;3.2
273;4;3.25
274;4;3.15
275;4;3.25
276;4;3.05
277;4;3.05
278;4;2.95
279;4;3.15
280;4;3.15
281;4;3.25
282;4;2.85
283;4;3.0
284;4;2.85
285;4;3.05
286;4;3.2
287;4;3.1
288;4;3.15
289;4;3.25
290;4;3.3
291;4;2.95
292;4;3.15
293;4;2.8
294;4;3.1
295;4;3.2
296;4;3.25
297;4;3.3
298;4;3.25
299;4;3.1
300;4;3.2
301;4;3.2
302;4;3.2
303;4;3.15
304;4;3.15
305;4;3.15
306;4;3.3
307;4;3.2
308;4;3.1
309;4;3.2
310;4;3.15
311;4;3.3
312;4;3.2
313;4;3.15
314;4;3.25
315;4;2.95
316;4;3.2
317;4;3.15
318;4;3.15
319;4;3.3
320;4;3.15
321;4;3.2
322;4;3.1
323;4;2.9
324;4;3.2
325;4;3.15
326;4;3.2
327;4;3.2
328;4;3.25
329;4;3.15
330;4;3.35
331;4;3.15
332;4;3.05
333;4;3.1
334;4;3.2
335;4;3.1
336;4;3.1
337;4;3.15
338;4;3.15
339;4;3.2
340;4;3.1
341;4;3.15
342;4;3.0
343;4;3.1
344;4;3.15
345;4;3.1
346;4;3.15
347;4;3.15
348;4;3.25
349;4;2.95
350;4;3.15
351;4;3.15
352;4;3.15
353;4;3.1
354;4;2.95
355;4;3.15
356;4;3.2
357;4;3.15
358;4;3.3
359;4;3.2
360;4;3.0
361;4;3.2
362;4;3.1
363;4;3.0
364;4;3.15
365;4;3.15
366;4;2.95
367;4;3.2
368;4;3.1
369;4;3.15
370;4;3.15
371;4;3.15
372;4;3.1
373;4;3.2
374;4;3.3
375;4;3.2
376;4;3.35
377;4;3.15
378;4;3.1
379;4;3.1
380;4;3.0
381;4;3.15
382;4;3.25
383;4;3.15
384;4;3.15
385;4;3.15
386;4;3.0
387;4;3.2
388;4;3.15
389;4;3.05
390;4;2.95
391;4;3.1
392;4;3.15
393;4;3.1
394;4;3.0
395;4;3.1
396;4;3.15
397;4;3.3
398;4;3.4
399;4;3.1
400;4;3.25
401;4;3.15
402;4;3.15
403;4;3.1
404;4;3.0
405;4;3.15
406;4;3.05
407;4;3.15
408;4;3.15
409;4;3.15
Meranie: 3
0;2;1.5
1;2;1.9
2;2;1.95
3;2;1.85
4;2;1.75
5;4;2.05
6;4;2.25
7;4;2.2
8;4;2.2
9;4;2.25
10;4;2.0
11;4;2.35
12;4;2.45
13;4;2.3
14;4;2.5
15;4;2.5
16;4;2.3
17;4;2.35
18;4;2.35
19;4;2.25
20;4;2.45
21;4;2.55
22;4;2.55
23;4;2.6
24;4;2.65
25;4;2.5
26;4;2.7
27;4;2.7
28;4;2.7
29;4;2.8
30;4;2.75
31;4;2.7
32;4;2.6
33;4;2.65
34;4;2.6
35;4;2.35
36;4;2.8
37;4;2.9
38;4;2.55
39;4;2.5
40;4;2.7
41;4;2.8
42;4;2.7
43;4;2.8
44;4;2.65
45;4;2.8
46;4;2.75
47;4;2.8
48;4;2.8
49;4;2.75
50;4;2.8
51;4;2.8
52;4;2.8
53;4;2.8
54;4;2.85
55;4;2.65
56;4;2.75
57;4;2.75
58;4;2.9
59;4;2.7
60;4;2.75
61;4;2.65
62;4;2.9
63;4;2.75
64;4;2.75
65;4;2.7
66;4;2.85
67;4;2.6
68;4;2.85
69;4;2.95
Meranie: 4
0;2;1.35
1;2;1.6
2;2;1.75
3;2;1.95
4;3;1.85
5;3;2.15
6;3;2.15
7;4;2.3
8;4;2.35
9;4;2.1
10;4;2.35
11;4;2.4
12;4;2.4
13;4;2.45
14;4;2.45
15;4;2.5
16;4;2.4
17;4;2.4
18;4;2.45
19;4;2.5
20;4;2.5
21;4;2.3
22;4;2.5
23;4;2.55
24;4;2.55
25;4;2.55
26;4;2.65
27;4;2.65
28;4;2.65
29;4;2.7
30;4;2.7
31;4;2.6
32;4;2.45
33;4;2.65
34;4;2.7
35;4;2.7
36;4;2.7
37;4;2.65
38;4;2.7
39;4;2.65
40;4;2.65
41;4;2.8
42;4;2.55
43;4;2.7
44;4;2.55
45;4;2.7
46;4;2.55
47;4;2.65
48;4;2.65
49;4;2.65
50;4;2.7
51;4;2.75
52;4;2.65
53;4;2.7
54;4;2.55
55;4;2.65
56;4;2.75
57;4;2.7
58;4;2.65
59;4;2.55
60;4;2.7
61;4;2.7
62;4;2.7
63;4;2.65
64;4;2.45
65;4;2.75
66;4;2.7
67;4;2.7
68;4;2.55
69;4;2.85
70;4;2.75
71;4;2.85
72;4;2.8
73;4;2.9
74;4;2.75
75;4;2.75
76;4;2.75
77;4;2.75
78;4;2.6
79;4;2.8
80;4;2.65
81;4;2.8
82;4;2.85
83;4;2.75
84;4;2.55
85;4;2.95
86;4;2.85
87;4;2.9
88;4;2.85
89;4;2.85
90;4;2.8
91;4;2.85
92;4;2.85
93;4;2.7
94;4;2.9
95;4;2.85
96;4;2.6
97;4;2.95
98;4;2.9
99;4;2.95
100;4;2.85
101;4;2.8
102;4;2.95
103;4;2.95
104;4;2.9
105;4;2.8
106;4;2.7
107;4;2.75
108;4;2.9
109;4;2.95
110;4;2.9
111;4;2.95
112;4;2.9
113;4;2.75
114;4;2.9
115;4;3.0
116;4;2.9
117;4;3.05
118;4;3.0
119;4;3.0
120;4;2.75
121;4;2.75
122;4;2.95
123;4;2.6
124;4;2.9
125;4;2.95
126;4;2.75
127;4;3.05
128;4;3.0
129;4;3.0
130;4;3.15
131;4;3.05
132;4;3.05
133;4;2.95
134;4;2.95
135;4;3.05
136;4;3.0
137;4;2.9
138;4;3.05
139;4;3.0
140;4;3.1
141;4;3.15
142;4;2.9
143;4;3.05
144;4;2.85
145;4;3.1
146;4;3.1
147;4;3.05
148;4;3.0
149;4;3.05
150;4;2.9
151;4;2.9
152;4;3.05
153;4;3.2
154;4;3.15
155;4;3.15
156;4;3.05
157;4;2.95
158;4;3.15
159;4;3.1
160;4;3.1
161;4;3.05
162;4;3.1
163;4;3.1
164;4;3.05
165;4;3.15
166;4;3.1
167;4;3.1
168;4;3.1
169;4;2.85
170;4;2.9
171;4;3.2
172;4;3.15
173;4;2.95
174;4;3.15
175;4;2.95
176;4;3.15
177;4;3.0
178;4;3.05
179;4;3.2
180;4;3.15
181;4;2.85
182;4;2.9
183;4;2.9
184;4;3.1
185;4;3.1
186;4;3.2
187;4;3.3
188;4;3.1
189;4;3.1
190;4;3.15
191;4;3.0
192;4;3.0
193;4;3.25
194;4;3.05
195;4;3.15
196;4;3.0
197;4;3.15
198;4;2.85
199;4;3.0
200;4;3.1
201;4;2.8
202;4;2.8
203;4;2.9
204;4;2.95
205;4;3.15
206;4;3.3
207;4;3.15
208;4;3.0
209;4;3.1
210;4;3.15
211;4;2.9
212;4;3.1
213;4;2.95
214;4;3.15
215;4;3.25
216;4;3.15
217;4;3.1
218;4;2.85
219;4;2.95
220;4;3.05
221;4;3.0
222;4;2.85
223;4;2.8
224;4;3.1
225;4;3.15
226;4;3.2
227;4;3.05
228;4;3.1
229;4;3.15
230;4;3.3
231;4;3.0
232;4;3.2
233;4;3.1
234;4;2.9
235;4;3.0
236;4;3.15
237;4;3.1
238;4;3.15
239;4;3.2
240;4;3.1
241;4;3.1
242;4;3.2
243;4;2.85
244;4;3.1
245;4;3.2
246;4;3.05
247;4;3.2
248;4;3.15
249;4;3.1
250;4;3.25
251;4;3.0
252;4;3.1
253;4;3.0
254;4;3.2
255;4;3.1
256;4;3.2
257;4;3.1
258;4;3.2
259;4;3.15
260;4;3.25
261;4;3.2
262;4;3.15
263;4;3.2
264;4;3.1
265;4;3.1
266;4;3.15
267;4;3.15
268;4;3.2
269;4;3.15
270;4;3.15
271;4;3.15
272;4;3.1
273;4;3.15
274;4;3.35
275;4;3.2
276;4;3.1
277;4;2.8
278;4;3.05
279;4;2.95
280;4;3.0
281;4;3.15
282;4;3.15
283;4;3.05
284;4;3.15
285;4;3.1
286;4;3.15
287;4;3.1
288;4;3.1
289;4;3.3
290;4;3.2
291;4;3.2
292;4;3.15
293;4;3.35
294;4;3.3
295;4;3.25
296;4;3.25
297;4;3.1
298;4;3.05
299;4;2.9
300;4;3.2
301;4;3.1
302;4;3.15
303;4;3.2
304;4;3.05
305;4;3.0
306;4;3.1
307;4;3.2
308;4;3.15
309;4;3.1
310;4;3.15
311;4;3.25
312;4;3.2
313;4;3.1
314;4;3.2
315;4;3.05
316;4;3.25
317;4;3.15
318;4;3.15
319;4;3.1
320;4;3.1
321;4;3.0
322;4;3.2
323;4;3.1
324;4;3.0
325;4;3.2
326;4;3.0
327;4;3.2
328;4;2.9
329;4;3.2
330;4;3.1
331;4;3.1
332;4;3.2
333;4;2.95
334;4;3.15
335;4;3.2
336;4;3.2
337;4;3.15
338;4;3.2
339;4;3.1
340;4;3.1
341;4;3.15
342;4;3.25
343;4;3.05
344;4;3.15
345;4;3.15
346;4;3.25
347;4;3.2
348;4;2.95
349;4;3.25
350;4;3.0
351;4;3.1
352;4;3.05
353;4;3.25
354;4;3.3
355;4;3.15
356;4;3.3
357;4;3.2
358;4;3.15
359;4;3.15
360;4;3.15
361;4;3.15
362;4;3.1
363;4;3.05
364;4;3.15
365;4;3.2
366;4;3.15
367;4;3.25
368;4;3.25
369;4;3.15
370;4;3.1
371;4;3.2
372;4;3.2
373;4;2.85
374;4;3.1
375;4;3.25
376;4;3.15
377;4;3.25
378;4;3.05
379;4;3.15
380;4;3.15
381;4;3.1
382;4;3.4
383;4;3.2
384;4;3.3
385;4;3.25
386;4;3.15
387;4;3.25
388;4;3.15
389;4;3.2
390;4;3.0
391;4;3.1
392;4;3.2
393;4;3.05
394;4;3.15
395;4;3.2
396;4;2.95
397;4;3.2
398;4;3.0
399;4;3.05
400;4;3.2
401;4;3.1
402;4;3.2
403;4;3.25
404;4;3.2
405;4;3.2
406;4;3.15
407;4;3.05
408;4;3.05
409;4;3.15
410;4;3.2
411;4;3.2
412;4;3.15
413;4;3.25
414;4;3.1
415;4;3.2
416;4;3.25
417;4;3.05
418;4;3.3
419;4;3.15
420;4;3.15
421;4;3.45
422;4;3.25
423;4;3.2
424;4;3.15
425;4;3.2
426;4;3.2
427;4;3.15
428;4;2.95
429;4;3.25
430;4;3.15
431;4;3.2
432;4;3.1
433;4;3.2
434;4;3.1
435;4;3.05
436;4;3.15
437;4;3.15
438;4;3.3
439;4;3.15
440;4;3.15
441;4;3.1
442;4;3.3
443;4;3.25
444;4;3.15
445;4;3.1
446;4;3.5
447;4;3.0
448;4;3.05
449;4;3.3
450;4;3.2
451;4;3.2
452;4;3.25
453;4;3.1
454;4;3.15
455;4;3.2
456;4;3.1
457;4;3.2
458;4;3.1
Meranie: 5
0;2;1.35
1;2;1.7
2;2;1.95
3;2;1.95
4;3;2.2
5;3;2.2
6;3;2.2
7;3;2.25
8;3;2.25
9;3;2.3
10;3;2.3
11;3;2.35
12;3;2.4
13;3;2.5
14;3;2.55
15;3;2.55
16;3;2.6
17;3;2.65
18;3;2.6
19;3;2.6
20;3;2.45
21;3;2.5
22;3;2.65
23;3;2.55
24;4;2.75
25;4;2.75
26;4;2.7
27;4;2.75
28;4;2.7
29;4;2.75
30;4;2.65
31;4;2.8
32;4;2.8
33;4;2.65
34;4;2.75
35;4;2.8
36;4;2.8
37;4;2.8
38;4;2.85
39;4;2.85
40;4;2.85
41;4;2.8
42;4;2.85
43;4;2.8
44;4;2.85
45;4;2.75
46;4;2.85
47;4;2.9
48;4;2.8
49;4;2.8
50;4;2.85
51;4;2.5
52;4;2.9
53;4;2.85
54;4;2.8
55;4;2.9
56;4;2.85
57;4;3.05
58;4;2.95
59;4;3.15
60;4;2.9
61;4;3.0
62;4;3.0
63;4;3.0
64;4;3.0
65;4;3.0
66;4;2.95
67;4;2.9
68;4;3.0
69;4;3.05
70;4;3.0
71;4;3.0
72;4;2.85
73;4;3.0
74;4;3.05
75;4;3.05
76;4;2.9
77;4;2.95
78;4;3.0
79;4;2.85
80;4;3.05
81;4;3.05
82;4;3.1
83;4;3.0
84;4;3.0
85;4;3.1
86;4;2.9
87;4;3.05
88;4;3.0
89;4;3.15
90;4;3.0
91;4;3.05
92;4;3.0
93;4;3.0
94;4;3.05
95;4;3.0
96;4;3.1
97;4;3.15
98;4;2.85
99;4;2.9
100;4;3.1
101;4;3.05
102;4;3.0
103;4;2.85
104;4;2.95
105;4;3.1
106;4;3.1
107;4;3.1
108;4;3.1
109;4;3.1
110;4;3.05
111;4;3.1
112;4;3.15
113;4;3.05
114;4;3.05
115;4;3.1
116;4;3.3
117;4;3.3
118;4;2.9
119;4;2.8
120;4;3.05
121;4;3.2
122;4;3.1
123;4;3.05
124;4;3.1
125;4;3.15
126;4;3.1
127;4;3.1
128;4;3.1
129;4;3.1
130;4;2.95
131;4;2.95
132;4;3.0
133;4;3.1
134;4;3.1
135;4;3.1
136;4;3.15
137;4;3.1
138;4;3.0
139;4;3.25
140;4;3.1
141;4;3.05
142;4;3.1
143;4;2.7
144;4;3.3
145;4;3.1
146;4;3.1
147;4;3.1
148;4;3.1
149;4;3.05
150;4;3.2
151;4;3.1
152;4;3.05
153;4;3.2
154;4;3.05
155;4;3.05
156;4;3.05
157;4;3.05
158;4;3.0
159;4;2.8
160;4;3.25
161;4;3.2
162;4;3.1
163;4;3.15
164;4;3.05
165;4;3.1
166;4;3.1
167;4;3.1
168;4;3.0
169;4;3.15
170;4;3.25
171;4;3.0
172;4;3.05
173;4;3.1
174;4;3.0
175;4;3.15
176;4;3.15
177;4;3.1
178;4;3.1
179;4;2.85
180;4;3.05
181;4;3.1
182;4;3.0
183;4;2.75
184;4;3.1
185;4;3.05
186;4;3.2
187;4;3.2
188;4;3.05
189;4;3.0
190;4;3.15
191;4;3.2
192;4;2.95
193;4;2.8
194;4;3.1
195;4;2.95
196;4;2.95
197;4;2.85
198;4;3.1
199;4;3.05
200;4;3.15
201;4;2.95
202;4;2.85
203;4;3.15
204;4;3.1
205;4;3.0
206;4;3.2
207;4;3.15
208;4;3.0
209;4;3.2
210;4;3.2
211;4;3.2
212;4;3.3
213;4;3.1
214;4;3.1
215;4;3.25
216;4;3.15
217;4;3.15
218;4;3.1
219;4;3.1
220;4;3.1
221;4;3.05
222;4;3.05
223;4;3.2
224;4;3.2
225;4;3.25
226;4;3.2
227;4;2.95
228;4;3.1
229;4;3.1
230;4;3.15
231;4;3.1
232;4;3.15
233;4;3.1
234;4;2.9
235;4;3.0
236;4;3.0
237;4;3.15
238;4;3.0
239;4;3.15
240;4;3.1
241;4;3.3
242;4;3.1
243;4;3.25
244;4;3.1
245;4;3.15
246;4;3.15
247;4;3.2
248;4;3.15
249;4;3.2
250;4;3.1
251;4;3.05
252;4;3.0
253;4;2.85
254;4;3.1
255;4;2.95
256;4;3.1
257;4;3.15
258;4;3.0
259;4;3.05
260;4;3.0
261;4;3.3
262;4;3.1
263;4;3.15
264;4;3.05
265;4;3.15
266;4;3.15
267;4;3.1
268;4;3.1
269;4;3.15
270;4;3.0
271;4;3.2
272;4;3.25
273;4;3.35
274;4;3.1
275;4;3.1
276;4;3.15
277;4;3.0
278;4;3.1
279;4;3.1
280;4;3.15
281;4;3.15
282;4;3.2
283;4;3.05
284;4;3.1
285;4;3.2
286;4;3.15
287;4;3.15
288;4;3.05
289;4;3.1
290;4;3.1
291;4;3.1
292;4;3.15
293;4;2.95
294;4;3.15
295;4;3.2
296;4;3.15
297;4;3.25
298;4;3.1
299;4;3.0
300;4;3.1
301;4;2.9
302;4;3.05
303;4;3.2
304;4;3.05
305;4;3.2
306;4;3.05
307;4;3.3
308;4;3.2
309;4;2.85
310;4;3.15
311;4;3.2
312;4;3.2
313;4;3.35
314;4;3.1
315;4;3.15
316;4;3.1
317;4;3.15
318;4;3.15
319;4;3.1
320;4;3.2
321;4;3.1
322;4;3.1
323;4;3.15
324;4;3.15
325;4;3.05
326;4;3.15
327;4;3.1
328;4;3.2
329;4;3.0
330;4;3.15
331;4;3.1
332;4;3.15
333;4;2.95
334;4;3.2
335;4;3.1
336;4;3.2
337;4;3.2
338;4;3.15
339;4;3.3
340;4;3.15
341;4;3.05
342;4;3.2
343;4;3.05
344;4;3.25
345;4;2.9
346;4;3.0
347;4;3.2
348;4;3.15
349;4;3.15
350;4;3.15
351;4;2.95
352;4;3.1
353;4;3.3
354;4;3.15
355;4;3.15
356;4;3.15
357;4;3.1
358;4;3.2
359;4;3.05
360;4;3.15
361;4;3.25
362;4;3.25
363;4;3.1
364;4;3.0
365;4;3.15
366;4;3.1
367;4;2.95
368;4;3.05
369;4;3.25
370;4;3.15
371;4;3.15
372;4;3.15
373;4;3.0
374;4;3.2
375;4;3.2
376;4;3.3
377;4;3.15
378;4;3.05
379;4;3.25
380;4;3.0
381;4;3.2
382;4;3.05
383;4;2.9
384;4;3.1
385;4;3.2
386;4;3.2
387;4;3.05
388;4;3.1
389;4;3.2
390;4;3.15
391;4;3.2
392;4;3.1
393;4;3.05
394;4;3.15
395;4;3.25
396;4;3.05
397;4;2.95
398;4;3.1
399;4;3.2
400;4;3.15
401;4;3.2
402;4;3.1
403;4;3.25
404;4;3.15
405;4;3.2
406;4;3.05
407;4;3.1
408;4;2.95
409;4;2.85
410;4;3.0
411;4;3.2
412;4;3.1
413;4;3.15
414;4;3.2
415;4;3.25
416;4;3.1
417;4;3.15
418;4;3.1
419;4;3.2
420;4;3.3
421;4;3.15
422;4;3.25
423;4;3.1
424;4;3.15
425;4;3.25
426;4;3.2
427;4;2.95
428;4;3.05
429;4;3.1
430;4;3.15
431;4;3.2
432;4;3.05
433;4;3.3
434;4;3.1
435;4;3.15
436;4;3.2
437;4;3.3
438;4;3.15
439;4;3.2
440;4;3.2
441;4;3.15
442;4;3.3
443;4;3.2
444;4;3.15
445;4;3.15
446;4;3.2
447;4;3.1
448;4;3.0
449;4;3.25
450;4;3.3
451;4;3.25
452;4;3.1
453;4;3.2
454;4;3.1
455;4;3.0
456;4;3.25
457;4;3.15
458;4;3.05
459;4;3.2
460;4;3.35
461;4;3.0
462;4;3.1
463;4;3.3
464;4;3.2
465;4;3.2
466;4;3.1
467;4;3.1
468;4;3.2
469;4;3.25
470;4;3.3
471;4;3.15
472;4;3.0
473;4;3.25
474;4;3.1
475;4;3.15
476;4;3.2
477;4;3.25
478;4;3.25
479;4;3.3
480;4;3.2
481;4;3.15
482;4;3.05
483;4;2.9
484;4;3.15
485;4;3.25
486;4;3.15
487;4;3.15
488;4;3.15
489;4;3.15
490;4;3.15
491;4;3.1
492;4;3.2
493;4;3.2
494;4;3.2
495;4;3.15
496;4;3.1
497;4;3.2
498;4;3.1
499;4;3.2
Meranie: 6
0;3;1.45
1;3;2.0
2;3;2.05
3;3;2.15
4;3;2.3
5;3;2.35
6;3;2.4
7;3;2.25
8;3;2.5
9;3;2.35
10;3;2.5
11;3;2.5
12;3;2.4
13;3;2.55
14;3;2.55
15;3;2.65
16;3;2.65
17;4;2.75
18;4;2.7
19;4;2.65
20;4;2.7
21;4;2.7
22;4;2.75
23;4;2.7
24;4;2.65
25;4;2.75
26;4;2.65
27;4;2.75
28;4;2.7
29;4;2.8
30;4;2.7
31;4;2.7
32;4;2.55
33;4;2.6
34;4;2.6
35;4;2.7
36;4;2.7
37;4;2.7
38;4;2.35
39;4;2.7
40;4;2.65
41;4;2.7
42;4;2.65
43;4;2.5
44;4;2.75
45;4;2.7
46;4;2.6
47;4;2.8
48;4;2.75
49;4;2.75
50;4;2.65
51;4;2.45
52;4;2.75
53;4;2.45
54;4;2.6
55;4;2.8
56;4;2.35
57;4;2.3
58;4;2.85
59;4;2.7
60;4;2.8
61;4;2.85
62;4;2.8
63;4;2.65
64;4;2.6
65;4;2.7
66;4;2.9
67;4;2.8
68;4;2.75
69;4;2.65
70;4;2.75
71;4;2.75
72;4;2.9
73;4;2.6
74;4;2.6
75;4;2.95
76;4;2.7
77;4;2.65
78;4;2.9
79;4;2.85
80;4;2.95
81;4;2.9
82;4;3.0
83;4;3.0
84;4;2.95
85;4;3.0
86;4;2.9
87;4;2.95
88;4;3.1
89;4;3.05
90;4;3.1
91;4;3.15
92;4;2.9
93;4;3.0
94;4;3.15
95;4;3.1
96;4;3.05
97;4;3.05
98;4;2.85
99;4;3.05
100;4;3.2
101;4;3.15
102;4;3.1
103;4;3.1
104;4;3.05
105;4;3.1
106;4;3.1
107;4;3.2
108;4;3.05
109;4;3.15
110;4;3.2
111;4;3.05
112;4;3.2
113;4;3.15
114;4;3.2
115;4;3.1
116;4;3.2
117;4;3.15
118;4;3.1
119;4;3.2
120;4;3.2
121;4;2.9
122;4;3.4
123;4;3.25
124;4;2.95
125;4;3.0
126;4;3.15
127;4;3.15
128;4;3.05
129;4;3.1
130;4;3.25
131;4;3.25
132;4;2.95
133;4;3.15
134;4;3.2
135;4;2.95
136;4;3.1
137;4;3.2
138;4;3.0
139;4;3.1
140;4;3.2
141;4;2.7
142;4;3.3
143;4;3.0
144;4;3.1
145;4;2.95
146;4;3.1
147;4;3.1
148;4;3.05
149;4;3.2
150;4;3.1
151;4;3.0
152;4;3.1
153;4;3.3
154;4;2.95
155;4;3.1
156;4;3.15
157;4;3.35
158;4;2.95
159;4;3.2
160;4;2.95
161;4;3.05
162;4;3.25
163;4;3.15
164;4;3.1
165;4;3.1
166;4;3.0
167;4;3.05
168;4;3.15
169;4;3.15
170;4;2.95
171;4;3.1
172;4;2.95
173;4;3.25
174;4;3.1
175;4;3.2
176;4;3.15
177;4;3.15
178;4;3.2
179;4;3.2
180;4;3.1
181;4;2.8
182;4;3.1
183;4;3.1
184;4;3.1
185;4;3.1
186;4;3.0
187;4;3.25
188;4;3.2
189;4;3.05
190;4;3.15
191;4;3.1
192;4;3.1
193;4;3.05
194;4;3.0
195;4;3.15
196;4;3.15
197;4;3.1
198;4;3.05
199;4;3.15
200;4;3.1
201;4;3.25
202;4;3.1
203;4;2.95
204;4;3.1
205;4;3.1
206;4;3.05
207;4;2.85
208;4;3.15
209;4;3.1
210;4;3.2
211;4;3.15
212;4;3.25
213;4;3.25
214;4;3.0
215;4;3.2
216;4;3.4
217;4;2.95
218;4;3.1
219;4;3.1
220;4;3.05
221;4;3.15
222;4;3.2
223;4;2.95
224;4;3.1
225;4;3.2
226;4;3.2
227;4;3.15
228;4;3.2
229;4;3.2
230;4;3.25
231;4;3.1
232;4;3.15
233;4;3.2
234;4;3.15
235;4;3.1
236;4;3.2
237;4;3.15
238;4;3.25
239;4;3.1
240;4;3.15
241;4;3.2
242;4;3.15
243;4;3.15
244;4;3.2
245;4;3.25
246;4;3.2
247;4;3.0
248;4;3.1
249;4;3.0
250;4;3.05
251;4;3.35
252;4;3.3
253;4;3.1
254;4;3.2
255;4;3.15
256;4;3.15
257;4;3.1
258;4;3.2
259;4;3.1
260;4;3.35
261;4;3.25
262;4;3.1
263;4;3.2
264;4;3.2
265;4;3.25
266;4;3.25
267;4;3.15
268;4;3.1
269;4;3.25
270;4;3.15
271;4;3.15
272;4;3.15
273;4;2.9
274;4;3.15
275;4;3.0
276;4;3.15
277;4;2.9
278;4;3.25
279;4;3.25
280;4;3.25
281;4;3.15
282;4;3.05
283;4;3.35
284;4;3.15
285;4;3.25
286;4;3.2
287;4;3.1
288;4;3.05
289;4;3.3
290;4;3.3
291;4;3.15
292;4;3.2
293;4;3.1
294;4;2.85
295;4;3.1
296;4;3.2
297;4;3.15
298;4;2.95
299;4;3.0
300;4;3.15
301;4;3.05
302;4;3.05
303;4;3.2
304;4;3.15
305;4;3.1
306;4;3.1
307;4;3.1
308;4;3.15
309;4;3.2
310;4;3.1
311;4;3.15
312;4;3.05
313;4;3.1
314;4;3.3
315;4;3.35
316;4;3.2
317;4;3.4
318;4;3.15
319;4;3.0
320;4;3.15
321;4;3.0
322;4;3.15
323;4;3.2
324;4;3.2
325;4;3.1
326;4;3.1
327;4;3.15
328;4;3.15
329;4;2.9
330;4;3.0
331;4;3.1
332;4;3.2
333;4;3.2
334;4;3.05
335;4;3.1
336;4;3.05
337;4;3.15
338;4;3.0
339;4;3.15
340;4;3.1
341;4;2.95
342;4;3.15
343;4;3.05
344;4;3.2
345;4;3.1
346;4;3.15
347;4;3.3
348;4;3.2
349;4;3.05
350;4;3.25
351;4;3.2
352;4;3.15
353;4;3.25
354;4;3.1
355;4;3.15
356;4;3.2
357;4;3.15
358;4;3.1
359;4;3.15
360;4;3.15
361;4;3.1
362;4;3.1
363;4;3.05
364;4;3.25
365;4;3.25
366;4;3.35
367;4;3.2
368;4;3.3
369;4;3.0
370;4;3.15
371;4;3.2
372;4;3.2
373;4;3.2
374;4;3.1
375;4;3.25
376;4;3.15
377;4;3.25
378;4;3.3
379;4;3.15
380;4;3.1
381;4;3.05
382;4;3.15
383;4;3.1
384;4;3.1
385;4;3.25
386;4;3.2
387;4;3.15
388;4;3.25
389;4;3.35
390;4;3.0
391;4;3.05
392;4;3.0
393;4;3.1
394;4;3.25
395;4;3.2
396;4;3.1
397;4;3.15
398;4;3.15
399;4;3.15
400;4;2.95
401;4;3.25
402;4;3.15
403;4;3.1
404;4;3.15
405;4;3.2
406;4;3.05
407;4;2.9
408;4;3.15
409;4;3.05
410;4;3.1
411;4;3.3
412;4;3.05
413;4;2.9
414;4;3.1
415;4;3.15
416;4;3.3
417;4;3.2
418;4;3.15
419;4;3.25
420;4;3.2
421;4;3.35
422;4;3.15
423;4;2.95
424;4;2.9
425;4;3.15
426;4;3.1
427;4;3.3
428;4;3.1
429;4;2.9
430;4;3.25
431;4;3.0
432;4;3.2
433;4;3.2
434;4;3.2
435;4;3.2
436;4;2.9
437;4;2.95
438;4;3.1
439;4;3.15
440;4;3.3
441;4;3.1
442;4;3.1
443;4;3.2
444;4;2.9
445;4;3.05
446;4;3.15
447;4;3.35
448;4;3.2
449;4;3.3
450;4;3.15
451;4;3.1
452;4;3.2
453;4;2.95
454;4;3.2
455;4;3.15
456;4;3.25
457;4;3.25
458;4;3.05
459;4;3.1
460;4;3.2
461;4;3.05
462;4;3.2
463;4;3.25
464;4;3.2
465;4;3.05
466;4;2.9
467;4;3.1
468;4;3.25
469;4;3.15
470;4;3.05
471;4;3.2
472;4;3.3
473;4;3.25
474;4;2.95
475;4;3.2
476;4;3.2
477;4;3.2
478;4;2.95
479;4;3.15
480;4;3.2
481;4;3.1
482;4;3.15
483;4;3.2
484;4;3.2
485;4;3.1
486;4;3.1
487;4;3.0
488;4;3.1
489;4;3.2
490;4;3.1
491;4;3.1
492;4;3.35
493;4;3.15
494;4;3.2
495;4;3.3
496;4;3.1
497;4;3.4
498;4;3.05
Meranie: 7
0;3;1.75
1;3;2.25
2;3;2.25
3;3;2.3
4;3;2.1
5;3;2.2
6;3;2.3
7;3;2.3
8;3;2.35
9;3;2.3
10;3;2.35
11;3;2.4
12;3;2.5
13;3;2.6
14;3;2.6
15;3;2.7
16;3;2.6
17;3;2.6
18;3;2.65
19;3;2.65
20;3;2.5
21;3;2.6
22;3;2.6
23;3;2.65
24;3;2.55
25;3;2.55
26;3;2.7
27;3;2.7
28;3;2.6
29;3;2.45
30;3;2.6
31;3;2.6
32;3;2.5
33;3;2.65
34;3;2.65
35;3;2.8
36;3;2.7
37;3;2.6
38;3;2.4
39;3;2.6
40;3;2.6
41;4;2.65
42;4;2.55
43;4;2.7
44;4;2.65
45;4;2.7
46;4;2.65
47;4;2.65
48;4;2.65
49;4;2.65
50;4;2.7
51;4;2.65
52;4;2.65
53;4;2.75
54;4;2.65
55;4;2.7
56;4;2.8
57;4;2.7
58;4;2.75
59;4;2.9
60;4;2.8
61;4;2.75
62;4;2.8
63;4;2.85
64;4;2.8
65;4;2.8
66;4;2.8
67;4;2.75
68;4;2.85
69;4;2.8
70;4;2.8
71;4;2.75
72;4;2.8
73;4;2.8
74;4;2.9
75;4;2.8
76;4;2.75
77;4;2.9
78;4;2.85
79;4;2.65
80;4;2.75
81;4;2.75
82;4;2.8
83;4;2.8
84;4;2.75
85;4;2.85
86;4;2.8
87;4;2.8
88;4;2.85
89;4;2.85
90;4;2.75
91;4;2.75
92;4;2.85
93;4;2.9
94;4;2.8
95;4;2.9
96;4;2.9
97;4;2.9
98;4;3.0
99;4;2.9
100;4;2.95
101;4;2.95
102;4;3.0
103;4;2.95
104;4;2.9
105;4;3.05
106;4;3.1
107;4;3.0
108;4;3.0
109;4;3.05
110;4;3.0
111;4;2.7
112;4;2.95
113;4;2.95
114;4;2.95
115;4;3.15
116;4;3.05
117;4;3.0
118;4;3.0
119;4;3.0
120;4;3.0
121;4;3.0
122;4;2.9
123;4;3.05
124;4;3.05
125;4;3.05
126;4;3.05
127;4;3.15
128;4;3.1
129;4;3.05
130;4;3.05
131;4;3.05
132;4;3.0
133;4;3.05
134;4;3.0
135;4;3.05
136;4;3.05
137;4;3.05
138;4;3.0
139;4;3.05
140;4;3.05
141;4;3.1
142;4;3.1
143;4;3.0
144;4;3.05
145;4;3.0
146;4;3.1
147;4;3.05
148;4;3.0
149;4;3.0
150;4;3.1
151;4;3.05
152;4;3.05
153;4;3.15
154;4;3.15
155;4;3.0
156;4;3.15
157;4;3.1
158;4;3.2
159;4;3.1
160;4;3.0
161;4;3.2
162;4;3.3
163;4;3.2
164;4;3.2
165;4;3.1
166;4;3.1
167;4;3.1
168;4;3.15
169;4;3.1
170;4;3.15
171;4;3.1
172;4;3.1
173;4;3.2
174;4;3.2
175;4;3.1
176;4;3.2
177;4;3.25
178;4;3.25
179;4;3.1
180;4;3.1
181;4;3.2
182;4;3.15
183;4;3.1
184;4;3.15
185;4;3.1
186;4;3.1
187;4;3.15
188;4;3.1
189;4;3.15
190;4;3.2
191;4;3.05
192;4;3.1
193;4;3.2
194;4;3.1
195;4;3.15
196;4;3.1
197;4;3.05
198;4;3.2
199;4;3.2
200;4;3.35
201;4;3.15
202;4;3.2
203;4;3.15
204;4;3.1
205;4;3.15
206;4;3.1
207;4;3.1
208;4;3.15
209;4;3.2
210;4;3.1
211;4;3.2
212;4;3.15
213;4;3.15
214;4;3.0
215;4;2.95
216;4;2.95
217;4;3.0
218;4;2.95
219;4;3.1
220;4;3.2
221;4;3.0
222;4;3.1
223;4;3.15
224;4;3.15
225;4;3.35
226;4;3.05
227;4;3.25
228;4;3.15
229;4;3.15
230;4;3.1
231;4;3.2
232;4;3.1
233;4;3.2
234;4;3.2
235;4;3.2
236;4;3.2
237;4;2.8
238;4;3.0
239;4;3.25
240;4;3.2
241;4;3.1
242;4;3.2
243;4;3.1
244;4;3.25
245;4;3.15
246;4;3.2
247;4;3.1
248;4;3.2
249;4;3.15
250;4;3.2
251;4;3.1
252;4;2.95
253;4;3.15
254;4;3.15
255;4;3.1
256;4;3.2
257;4;3.2
258;4;3.2
259;4;3.25
260;4;3.2
261;4;3.15
262;4;3.15
263;4;3.2
264;4;3.1
265;4;3.1
266;4;3.1
267;4;3.25
268;4;3.35
269;4;3.1
270;4;3.1
271;4;3.1
272;4;3.1
273;4;3.0
274;4;3.25
275;4;3.0
276;4;3.2
277;4;3.1
278;4;3.15
279;4;3.0
280;4;3.1
281;4;3.15
282;4;3.1
283;4;3.15
284;4;3.15
285;4;3.15
286;4;3.15
287;4;3.15
288;4;3.1
289;4;3.2
290;4;3.2
291;4;3.1
292;4;3.1
293;4;3.1
294;4;3.15
295;4;3.2
296;4;3.2
297;4;3.15
298;4;3.1
299;4;3.2
300;4;3.1
301;4;3.1
302;4;3.15
303;4;3.05
304;4;3.15
305;4;3.15
306;4;3.2
307;4;3.1
308;4;2.85
309;4;3.1
310;4;3.15
311;4;3.15
312;4;3.3
313;4;3.15
314;4;3.15
315;4;3.1
316;4;3.2
317;4;3.15
318;4;3.15
319;4;3.15
320;4;3.1
321;4;3.15
322;4;3.15
323;4;3.15
324;4;3.2
325;4;3.1
326;4;3.1
327;4;3.3
328;4;3.15
329;4;3.0
330;4;3.0
331;4;3.1
332;4;3.15
333;4;3.15
334;4;3.15
335;4;3.25
336;4;3.1
337;4;3.15
338;4;3.2
339;4;3.2
340;4;3.2
341;4;3.1
342;4;3.2
Meranie: 8
0;2;1.6
1;4;2.15
2;4;2.2
3;4;2.15
4;4;2.4
5;4;2.55
6;4;2.5
7;4;2.5
8;4;2.7
9;4;2.75
10;4;2.55
11;4;2.55
12;4;2.45
13;4;2.6
14;4;2.6
15;4;2.5
16;4;2.85
17;4;2.75
18;4;2.45
19;4;2.65
20;4;2.5
21;4;2.45
22;4;2.75
23;4;2.7
24;4;2.65
25;4;2.6
26;4;2.8
27;4;2.6
28;4;2.6
29;4;2.75
30;4;2.7
31;4;2.7
32;4;2.75
33;4;2.75
34;4;2.75
35;4;2.45
36;4;2.5
37;4;2.7
38;4;2.75
39;4;2.75
40;4;2.95
41;4;2.7
42;4;2.65
43;4;2.8
44;4;2.75
45;4;2.85
46;4;2.65
47;4;2.9
48;4;2.75
49;4;2.85
50;4;2.8
51;4;2.8
52;4;2.6
53;4;2.85
54;4;2.8
55;4;2.85
56;4;2.7
57;4;2.8
58;4;2.8
59;4;2.8
60;4;2.85
61;4;2.95
62;4;2.65
63;4;2.7
64;4;2.9
65;4;2.9
66;4;2.75
67;4;2.8
68;4;2.7
69;4;2.95
70;4;2.7
71;4;2.75
72;4;2.8
73;4;2.55
74;4;2.95
75;4;2.75
76;4;2.9
77;4;2.8
78;4;2.75
79;4;2.9
80;4;2.75
81;4;2.8
82;4;2.75
83;4;2.85
84;4;2.8
85;4;2.75
86;4;2.6
87;4;2.6
88;4;2.9
89;4;2.95
90;4;2.7
91;4;2.7
92;4;2.9
93;4;2.9
94;4;2.55
95;4;2.9
96;4;2.55
97;4;3.0
98;4;2.95
99;4;2.9
100;4;2.85
101;4;3.0
102;4;2.8
103;4;2.9
104;4;2.8
105;4;2.95
106;4;3.05
107;4;3.0
108;4;2.75
109;4;2.8
110;4;2.5
111;4;3.05
112;4;2.75
113;4;2.85
114;4;2.8
115;4;2.85
116;4;2.75
117;4;3.0
118;4;2.85
119;4;2.95
120;4;2.85
121;4;2.7
122;4;2.85
123;4;3.05
124;4;3.1
Meranie: 9
0;2;1.45
1;3;2.0
2;3;2.05
3;3;2.0
4;3;2.15
5;3;2.25
6;3;2.25
7;3;2.35
8;3;2.35
9;3;2.4
10;3;2.4
11;3;2.45
12;3;2.45
13;3;2.5
14;3;2.5
15;3;2.5
16;3;2.6
17;4;2.7
18;4;2.65
19;4;2.6
20;4;2.7
21;4;2.8
22;4;2.75
23;4;2.7
24;4;2.7
25;4;2.7
26;4;2.65
27;4;2.75
28;4;2.65
29;4;2.5
30;4;2.85
31;4;2.65
32;4;2.5
33;4;2.65
34;4;2.6
35;4;2.45
36;4;2.7
37;4;2.4
38;4;2.55
39;4;2.65
40;4;2.7
41;4;2.8
42;4;2.75
43;4;2.8
44;4;2.8
45;4;2.65
46;4;2.7
47;4;2.9
48;4;2.7
49;4;2.85
50;4;2.8
51;4;2.75
52;4;2.75
53;4;2.75
54;4;2.7
55;4;2.7
56;4;2.7
57;4;2.8
58;4;2.8
59;4;2.7
60;4;2.75
61;4;2.7
62;4;2.65
63;4;2.75
64;4;2.75
65;4;2.7
66;4;2.7
67;4;2.75
68;4;2.75
69;4;2.7
70;4;2.7
71;4;2.75
72;4;2.8
73;4;2.85
74;4;2.75
75;4;2.8
76;4;2.85
77;4;2.75
78;4;2.75
79;4;2.65
80;4;2.75
81;4;2.7
82;4;2.7
83;4;2.85
84;4;2.75
85;4;2.8
86;4;2.85
87;4;2.7
88;4;2.85
89;4;2.8
90;4;2.75
91;4;2.75
92;4;2.75
93;4;2.7
94;4;2.7
95;4;2.8
96;4;2.9
97;4;2.9
98;4;2.7
99;4;2.75
100;4;2.75
101;4;2.75
102;4;2.9
103;4;2.75
104;4;2.95
105;4;2.9
106;4;2.95
107;4;2.95
108;4;2.8
109;4;2.9
110;4;2.9
111;4;3.0
112;4;2.9
113;4;2.9
114;4;2.85
115;4;3.15
116;4;2.9
117;4;3.0
118;4;3.05
119;4;3.1
120;4;3.05
121;4;3.05
122;4;3.2
123;4;3.15
124;4;3.25
125;4;3.2
126;4;3.2
127;4;3.1
128;4;3.05
129;4;3.05
130;4;3.0
131;4;3.1
132;4;3.25
133;4;3.15
134;4;3.15
135;4;3.2
136;4;3.25
137;4;3.15
138;4;3.15
139;4;3.1
140;4;3.1
141;4;3.05
142;4;3.1
143;4;3.2
144;4;3.15
145;4;3.15
146;4;3.15
147;4;3.1
148;4;3.2
149;4;3.15
150;4;3.1
Meranie: 10
0;2;1.75
1;2;1.95
2;3;1.9
3;3;1.9
4;3;2.05
5;3;2.0
6;3;2.15
7;3;2.2
8;3;2.25
9;3;2.25
10;3;2.25
11;3;2.25
12;3;2.25
13;3;2.35
14;3;2.35
15;3;2.3
16;3;2.2
17;3;2.45
18;3;2.5
19;3;2.6
20;3;2.45
21;4;2.7
22;4;2.4
23;4;2.65
24;4;2.65
25;4;2.55
26;4;2.7
27;4;2.75
28;4;2.7
29;4;2.55
30;4;2.7
31;4;2.65
32;4;2.55
33;4;2.7
34;4;2.7
35;4;2.7
36;4;2.75
37;4;2.8
38;4;2.55
39;4;2.75
40;4;2.75
41;4;2.7
42;4;2.7
43;4;2.7
44;4;2.85
45;4;2.8
46;4;2.7
47;4;2.8
48;4;2.7
49;4;2.8
50;4;2.85
51;4;2.75
52;4;2.75
53;4;2.7
54;4;2.7
55;4;2.85
56;4;2.85
57;4;2.75
58;4;2.75
59;4;2.85
60;4;2.7
61;4;2.75
62;4;2.85
63;4;2.75
64;4;2.7
65;4;2.55
66;4;2.8
67;4;2.8
68;4;2.7
69;4;2.45
70;4;2.75
71;4;2.55
72;4;2.85
73;4;2.75
74;4;2.75
75;4;2.8
76;4;2.75
77;4;2.55
78;4;2.8
79;4;2.65
80;4;2.7
81;4;2.75
82;4;2.85
83;4;2.75
84;4;2.9
85;4;2.85
86;4;2.9
87;4;2.95
88;4;2.85
89;4;2.75
90;4;2.7
91;4;2.9
92;4;2.85
93;4;3.0
94;4;2.65
95;4;2.85
96;4;2.85
97;4;2.9
98;4;2.8
99;4;2.85
100;4;2.8
101;4;2.95
102;4;2.75
103;4;2.8
104;4;2.65
105;4;2.65
106;4;2.85
107;4;3.05
108;4;3.05
109;4;2.95
110;4;3.05
111;4;3.0
112;4;3.05
113;4;2.95
114;4;3.15
115;4;3.05
116;4;3.1
117;4;3.1
118;4;2.85
119;4;3.15
120;4;3.0
121;4;3.0
122;4;3.05
123;4;3.15
124;4;3.05
125;4;3.1
126;4;3.1
127;4;2.85
128;4;3.1
129;4;3.3
130;4;3.1
131;4;3.15
132;4;3.0
133;4;3.1
134;4;3.25
135;4;3.15
136;4;3.2
137;4;3.1
138;4;2.9
139;4;3.05
140;4;3.1
141;4;2.95
142;4;2.85
143;4;3.25
144;4;3.05
145;4;3.2
146;4;3.2
147;4;3.1
148;4;3.15
149;4;3.15
150;4;3.25
151;4;3.15
152;4;3.25
153;4;3.2
154;4;3.15
155;4;3.15
156;4;2.95
157;4;2.8
158;4;3.15
159;4;3.05
160;4;3.25
161;4;3.15
162;4;3.0
163;4;3.05
164;4;3.1
165;4;3.1
166;4;3.0
167;4;3.1
168;4;3.0
169;4;3.2
Meranie: 11
0;2;1.95
1;2;2.0
2;2;2.1
3;2;2.1
4;2;2.1
5;3;2.15
6;3;2.15
7;3;2.2
8;3;2.3
9;3;2.35
10;3;2.35
11;3;2.3
12;3;2.35
13;4;2.5
14;4;2.45
15;4;2.65
16;4;2.7
17;4;2.65
18;4;2.7
19;4;2.7
20;4;2.65
21;4;2.65
22;4;2.65
23;4;2.8
24;4;2.65
25;4;2.65
26;4;2.7
27;4;2.65
28;4;2.65
29;4;2.7
30;4;2.65
31;4;2.8
32;4;2.65
33;4;2.85
34;4;2.7
35;4;2.65
36;4;2.65
37;4;2.45
38;4;2.8
39;4;2.75
40;4;2.85
41;4;2.75
42;4;2.7
43;4;2.75
44;4;2.9
45;4;2.85
46;4;2.85
47;4;2.75
48;4;2.9
49;4;2.8
50;4;2.9
51;4;2.85
52;4;2.85
53;4;2.85
54;4;2.9
55;4;2.9
56;4;2.85
57;4;2.95
58;4;2.8
59;4;2.9
60;4;2.9
61;4;2.85
62;4;2.95
63;4;2.8
64;4;2.85
65;4;2.9
66;4;2.8
67;4;2.85
68;4;2.85
69;4;2.8
70;4;3.0
71;4;2.8
72;4;2.9
73;4;2.8
74;4;2.9
75;4;2.85
76;4;2.85
77;4;2.85
78;4;2.85
79;4;2.8
80;4;2.95
81;4;2.85
82;4;2.9
83;4;2.6
84;4;3.0
85;4;2.85
86;4;3.0
87;4;2.9
88;4;2.85
89;4;3.0
90;4;3.1
91;4;2.95
92;4;3.1
93;4;3.05
94;4;3.1
95;4;3.0
96;4;3.1
97;4;3.05
98;4;3.15
99;4;3.05
100;4;3.1
101;4;3.05
102;4;3.05
103;4;3.0
104;4;3.05
105;4;2.95
106;4;3.05
107;4;3.0
108;4;2.95
109;4;3.0
Meranie: 12
0;2;1.55
1;3;2.15
2;3;1.8
3;3;2.05
4;3;2.1
5;3;2.0
6;3;2.05
7;3;2.3
8;3;2.15
9;3;2.05
10;3;2.15
11;3;2.25
12;3;2.35
13;3;2.45
14;3;2.2
15;3;2.45
16;3;2.5
17;3;2.4
18;3;2.6
19;3;2.45
20;3;2.55
21;3;2.65
22;3;2.5
23;3;2.6
24;3;2.6
25;3;2.6
26;3;2.65
27;3;2.6
28;3;2.5
29;3;2.5
30;3;2.4
31;3;2.65
32;3;2.3
33;3;2.7
34;3;2.65
35;3;2.35
36;3;2.45
37;3;2.6
38;3;2.6
39;3;2.45
40;3;2.55
41;3;2.6
42;3;2.7
43;3;2.65
44;3;2.65
45;4;2.8
46;4;2.65
47;4;2.65
48;4;2.65
49;4;2.65
50;4;2.7
51;4;2.45
52;4;2.65
53;4;2.6
54;4;2.65
55;4;2.65
56;4;2.6
57;4;2.55
58;4;2.65
59;4;2.65
60;4;2.8
61;4;2.8
62;4;2.7
63;4;2.7
64;4;2.8
65;4;2.75
66;4;2.6
67;4;2.7
68;4;2.85
69;4;2.8
70;4;2.8
71;4;2.8
72;4;2.75
73;4;2.55
74;4;2.75
75;4;2.75
76;4;2.7
77;4;2.75
78;4;2.85
79;4;2.75
80;4;2.75
81;4;2.75
82;4;2.8
83;4;2.75
84;4;2.8
85;4;2.8
86;4;2.75
87;4;2.8
88;4;2.75
89;4;2.65
90;4;2.7
91;4;2.75
92;4;2.8
93;4;2.8
94;4;2.8
95;4;2.85
96;4;2.5
97;4;2.8
98;4;2.9
99;4;2.75
100;4;2.35
101;4;2.75
102;4;2.8
103;4;2.8
104;4;2.8
105;4;2.9
106;4;2.75
107;4;2.85
108;4;2.85
109;4;2.85
110;4;2.85
111;4;2.9
112;4;2.9
113;4;2.95
114;4;2.95
115;4;2.9
116;4;2.9
117;4;3.0
118;4;3.05
119;4;2.95
120;4;3.0
121;4;2.75
122;4;3.05
123;4;3.0
124;4;3.1
125;4;3.0
126;4;3.15
127;4;3.3
128;4;2.9
129;4;3.1
130;4;3.05
131;4;3.0
132;4;3.1
133;4;3.05
134;4;3.1
135;4;3.1
136;4;3.2
137;4;3.15
138;4;3.1
139;4;3.15
140;4;3.15
141;4;3.1
142;4;2.9
143;4;3.1
144;4;3.1
145;4;3.1
146;4;3.2
147;4;3.3
148;4;3.15
149;4;3.25
150;4;3.2
151;4;3.25
152;4;3.2
153;4;3.15
154;4;3.1
155;4;3.35
156;4;3.25
157;4;3.3
158;4;3.15
159;4;3.15
160;4;3.05
161;4;3.2
162;4;3.3
163;4;3.15
164;4;3.25
165;4;3.1
166;4;3.2
167;4;3.3
168;4;3.3
169;4;3.25
170;4;3.1
171;4;3.15
172;4;3.15
173;4;3.1
174;4;3.15
175;4;3.2
176;4;2.9
177;4;3.1
178;4;3.15
179;4;3.15
180;4;3.2
181;4;3.15
182;4;3.25
183;4;3.1
184;4;3.1
185;4;3.15
186;4;3.2
187;4;3.1
188;4;3.2
189;4;3.2
190;4;3.15
191;4;3.3
192;4;3.1
193;4;3.15
194;4;3.3
195;4;3.15
196;4;3.2
197;4;3.2
198;4;3.1
199;4;3.1
200;4;3.15
201;4;3.2
202;4;3.2
203;4;3.2
204;4;3.25
205;4;3.1
206;4;3.15
207;4;3.2
208;4;3.1
209;4;3.2
210;4;3.2
211;4;3.2
212;4;3.3
213;4;3.1
214;4;3.3
215;4;3.25
216;4;3.25
217;4;3.15
218;4;3.35
219;4;3.15
220;4;3.2
221;4;3.2
222;4;3.2
223;4;3.15
224;4;3.2
225;4;3.3
226;4;3.3
227;4;3.35
228;4;3.15
229;4;3.2
230;4;3.25
231;4;3.2
232;4;3.3
233;4;3.2
234;4;3.2
235;4;3.3
236;4;3.1
237;4;3.2
238;4;3.35
239;4;3.2
240;4;3.1
241;4;3.25
242;4;3.25
243;4;3.15
244;4;3.15
245;4;3.1
246;4;3.1
247;4;3.3
248;4;3.1
249;4;3.1
250;4;3.25
251;4;3.15
252;4;3.2
253;4;3.2
254;4;3.15
255;4;3.25
256;4;3.15
257;4;3.15
258;4;3.2
259;4;3.2
260;4;3.25
261;4;3.3
262;4;3.15
263;4;3.15
264;4;3.25
265;4;3.4
266;4;3.25
267;4;3.2
268;4;3.2
269;4;3.15
270;4;3.4
271;4;3.1
272;4;3.35
273;4;3.2
274;4;3.25
275;4;3.1
276;4;3.15
277;4;3.15
278;4;3.2
279;4;3.1
280;4;3.25
281;4;3.15
282;4;3.2
283;4;3.2
284;4;3.25
285;4;3.3
286;4;3.15
287;4;3.2
288;4;3.25
289;4;3.3
290;4;3.15
291;4;3.2
292;4;3.2
Meranie: 13
0;2;1.7
1;2;2.1
2;2;2.1
3;3;2.0
4;3;2.2
5;3;2.1
6;3;2.2
7;3;2.2
8;3;2.2
9;3;2.2
10;3;2.2
11;3;2.25
12;3;2.3
13;3;2.2
14;3;2.3
15;3;2.15
16;3;2.3
17;3;2.15
18;3;2.35
19;3;2.3
20;4;2.65
21;4;2.7
22;4;2.7
23;4;2.7
24;4;2.7
25;4;2.65
26;4;2.7
27;4;2.7
28;4;2.65
29;4;2.7
30;4;2.65
31;4;2.75
32;4;2.7
33;4;2.75
34;4;2.8
35;4;2.7
36;4;2.75
37;4;2.8
38;4;2.75
39;4;2.75
40;4;2.75
41;4;2.75
42;4;2.75
43;4;2.8
44;4;2.7
45;4;2.8
46;4;2.5
47;4;2.7
48;4;2.65
49;4;2.85
50;4;2.7
51;4;2.7
52;4;2.6
53;4;2.9
54;4;2.75
55;4;2.75
56;4;2.8
57;4;2.75
58;4;2.75
59;4;2.9
60;4;3.05
61;4;2.85
62;4;2.7
63;4;2.8
64;4;2.9
65;4;2.75
66;4;2.75
67;4;2.8
68;4;2.75
69;4;2.85
70;4;2.85
71;4;2.55
72;4;3.0
73;4;2.95
74;4;2.95
75;4;2.95
76;4;3.05
77;4;2.95
78;4;3.05
79;4;3.05
80;4;2.95
81;4;3.0
82;4;3.2
83;4;2.95
84;4;3.1
85;4;2.95
86;4;3.05
87;4;3.0
88;4;3.15
89;4;3.05
90;4;3.05
91;4;3.2
92;4;3.15
93;4;3.2
94;4;3.2
95;4;3.05
96;4;3.0
97;4;3.1
98;4;3.2
99;4;3.05
100;4;3.0
101;4;3.15
102;4;3.2
103;4;3.15
104;4;3.2
105;4;3.15
106;4;3.05
107;4;3.1
108;4;3.05
109;4;3.05
110;4;3.05
111;4;3.1
112;4;3.0
113;4;3.15
114;4;3.15
115;4;3.2
116;4;3.2
117;4;3.3
118;4;3.2
119;4;3.1
120;4;3.15
121;4;3.35
122;4;3.1
123;4;3.15
124;4;3.25
125;4;3.25
126;4;3.15
127;4;3.15
128;4;3.15
129;4;3.15
130;4;3.15
131;4;3.2
132;4;3.15
133;4;3.1
134;4;3.1
135;4;3.15
136;4;3.0
137;4;3.1
138;4;3.2
139;4;3.15
140;4;3.15
141;4;3.2
142;4;3.15
143;4;3.1
144;4;3.1
145;4;3.15
146;4;3.15
147;4;3.15
148;4;3.15
149;4;3.0
150;4;3.3
151;4;3.2
152;4;3.35
153;4;3.15
154;4;3.05
155;4;3.0
156;4;3.25
157;4;3.1
158;4;3.5
159;4;3.15
160;4;3.1
161;4;3.25
162;4;2.85
163;4;3.15
164;4;3.2
165;4;3.2
166;4;3.15
167;4;3.15
168;4;3.1
169;4;3.15
170;4;3.2
171;4;3.05
172;4;3.15
173;4;3.3
174;4;3.1
175;4;3.25
176;4;3.35
177;4;3.15
178;4;3.25
179;4;3.25
180;4;3.25
181;4;3.25
182;4;3.1
183;4;3.1
184;4;3.2
185;4;3.2
186;4;3.25
187;4;3.3
188;4;3.2
189;4;3.1
190;4;3.25
191;4;3.3
192;4;3.15
193;4;3.2
194;4;3.1
195;4;3.25
196;4;3.25
197;4;3.25
198;4;3.2
199;4;3.2
200;4;3.2
201;4;3.2
202;4;3.1
203;4;3.2
204;4;3.3
205;4;3.15
206;4;3.2
207;4;3.25
208;4;3.15
209;4;3.25
210;4;3.2
211;4;3.05
212;4;3.3
213;4;3.15
214;4;3.25
215;4;3.3
216;4;3.15
217;4;3.15
218;4;3.25
219;4;3.25
220;4;3.2
221;4;3.1
222;4;3.2
223;4;3.3
224;4;3.2
225;4;3.2
226;4;3.15
227;4;3.3
228;4;3.15
229;4;3.4
230;4;3.15
231;4;3.2
232;4;3.15
233;4;3.3
234;4;3.3
235;4;3.3
236;4;3.2
237;4;3.3
238;4;3.2
239;4;3.15
240;4;3.2
241;4;3.2
242;4;3.25
243;4;3.2
244;4;3.1
245;4;3.3
246;4;3.2
247;4;3.15
248;4;3.15
249;4;3.2
250;4;3.1
251;4;3.2
252;4;3.1
253;4;3.1
254;4;3.2
255;4;3.2
256;4;3.1
257;4;3.2
Meranie: 14
0;2;1.8
1;2;1.7
2;2;2.0
3;3;1.95
4;3;2.0
5;3;2.2
6;3;2.15
7;3;2.25
8;3;2.25
9;3;2.4
10;3;2.45
11;3;2.45
12;3;2.45
13;3;2.45
14;3;2.5
15;3;2.5
16;3;2.55
17;3;2.65
18;3;2.65
19;3;2.45
20;3;2.6
21;3;2.6
22;3;2.65
23;3;2.6
24;3;2.75
25;4;2.8
26;4;2.75
27;4;2.65
28;4;2.8
29;4;2.75
30;4;2.75
31;4;2.7
32;4;2.75
33;4;2.9
34;4;2.9
35;4;2.75
36;4;2.75
37;4;2.8
38;4;2.85
39;4;2.75
40;4;2.9
41;4;2.85
42;4;2.75
43;4;2.75
44;4;2.8
45;4;2.9
46;4;2.95
47;4;2.9
48;4;2.85
49;4;2.85
50;4;2.8
51;4;3.0
52;4;2.95
53;4;2.9
54;4;2.85
55;4;3.0
56;4;2.9
57;4;2.95
58;4;2.95
59;4;2.9
60;4;2.9
61;4;2.9
62;4;2.9
63;4;2.9
64;4;3.0
65;4;2.85
66;4;2.75
67;4;2.9
68;4;2.85
69;4;2.8
70;4;2.9
71;4;2.85
72;4;2.85
73;4;2.95
74;4;3.05
75;4;2.6
76;4;2.85
77;4;2.95
78;4;2.9
79;4;2.95
80;4;2.75
81;4;3.0
82;4;2.9
83;4;2.95
84;4;3.0
85;4;3.1
86;4;2.9
87;4;3.0
88;4;2.95
89;4;3.0
90;4;3.05
91;4;2.9
92;4;3.0
93;4;2.85
94;4;2.95
95;4;2.95
96;4;2.9
97;4;2.9
98;4;2.9
99;4;3.0
100;4;3.0
101;4;2.95
102;4;2.9
103;4;2.9
104;4;3.0
105;4;3.15
106;4;2.85
107;4;2.95
108;4;3.0
109;4;2.95
110;4;3.0
111;4;2.9
112;4;3.05
113;4;3.0
114;4;3.0
115;4;2.95
116;4;3.05
117;4;3.0
118;4;3.0
119;4;2.95
120;4;3.1
121;4;3.0
122;4;3.05
123;4;3.0
124;4;3.0
125;4;3.0
126;4;3.05
127;4;3.0
128;4;3.05
129;4;2.95
130;4;3.05
131;4;3.1
132;4;3.15
133;4;3.15
134;4;3.25
135;4;3.2
136;4;3.15
137;4;3.2
138;4;3.25
139;4;3.1
140;4;3.15
141;4;3.1
142;4;2.95
143;4;3.15
144;4;3.2
145;4;3.05
146;4;3.25
147;4;3.15
148;4;3.1
149;4;3.1
150;4;3.2
151;4;3.15
152;4;3.3
153;4;3.15
154;4;3.15
155;4;3.2
156;4;3.2
157;4;3.15
158;4;3.25
159;4;3.1
160;4;3.2
161;4;3.25
162;4;3.2
163;4;3.15
164;4;3.15
165;4;3.1
166;4;3.25
167;4;3.2
168;4;3.05
169;4;3.25
170;4;3.25
171;4;3.15
172;4;3.15
173;4;3.15
174;4;3.2
175;4;3.1
176;4;3.1
177;4;3.25
178;4;3.1
179;4;3.15
180;4;3.05
181;4;3.15
182;4;3.2
183;4;3.2
184;4;3.25
185;4;3.15
186;4;3.2
187;4;3.1
188;4;3.1
189;4;3.1
190;4;3.3
191;4;3.25
192;4;3.2
193;4;3.15
194;4;2.9
195;4;3.25
196;4;3.1
197;4;3.2
198;4;3.2
199;4;3.15
200;4;3.25
201;4;3.25
202;4;3.1
203;4;3.1
204;4;3.2
205;4;3.1
206;4;3.15
207;4;3.15
208;4;3.1
209;4;3.3
210;4;3.15
211;4;3.25
212;4;3.15
213;4;3.15
214;4;3.15
215;4;3.25
216;4;3.1
217;4;3.1
218;4;3.1
219;4;3.15
220;4;3.15
221;4;3.2
222;4;3.15
223;4;3.2
224;4;3.1
225;4;3.15
226;4;3.15
227;4;3.25
228;4;3.45
229;4;3.15
230;4;3.2
231;4;3.15
232;4;3.35
233;4;2.85
234;4;3.2
235;4;3.15
236;4;3.2
237;4;3.2
238;4;3.15
239;4;3.15
240;4;3.1
241;4;3.0
242;4;3.1
243;4;3.15
244;4;3.15
245;4;3.15
246;4;3.1
247;4;3.15
248;4;3.1
249;4;3.15
250;4;3.15
251;4;3.2
252;4;3.1
253;4;3.1
254;4;3.25
255;4;3.2
256;4;3.15
257;4;3.2
258;4;3.15
259;4;3.1
260;4;3.1
261;4;3.15
262;4;3.05
263;4;3.15
264;4;3.2
265;4;3.1
266;4;3.15
267;4;3.2
268;4;3.15
269;4;3.25
270;4;3.1
271;4;3.2
272;4;3.2
273;4;3.3
274;4;3.1
275;4;3.15
276;4;3.15
277;4;3.1
278;4;3.1
Meranie: 15
0;2;1.3
1;2;1.8
2;3;2.15
3;3;2.2
4;3;2.1
5;3;2.1
6;3;2.25
7;3;2.3
8;3;2.5
9;3;2.6
10;3;2.65
11;3;2.3
12;3;2.6
13;3;2.55
14;3;2.6
15;3;2.65
16;3;2.65
17;3;2.5
18;3;2.35
19;3;2.4
20;3;2.6
21;3;2.45
22;3;2.7
23;3;2.55
24;3;2.35
25;3;2.4
26;3;2.5
27;3;2.6
28;3;2.45
29;3;2.65
30;4;2.7
31;4;2.65
32;4;2.55
33;4;2.4
34;4;2.55
35;4;2.7
36;4;2.65
37;4;2.7
38;4;2.6
39;4;2.65
40;4;2.75
41;4;2.75
42;4;2.65
43;4;2.65
44;4;2.75
45;4;2.75
46;4;2.7
47;4;2.4
48;4;2.7
49;4;2.7
50;4;2.8
51;4;2.6
52;4;2.6
53;4;2.65
54;4;2.65
55;4;2.8
56;4;2.75
57;4;2.7
58;4;2.65
59;4;2.75
60;4;2.65
61;4;2.75
62;4;2.8
63;4;2.75
64;4;2.75
65;4;2.6
66;4;2.75
67;4;2.75
68;4;2.75
69;4;2.75
70;4;2.75
71;4;2.75
72;4;2.8
73;4;2.7
74;4;2.7
Meranie: 16
0;2;1.7
1;3;2.15
2;3;1.75
3;3;2.05
4;3;2.15
5;3;2.15
6;3;2.15
7;3;2.15
8;3;2.2
9;3;2.25
10;3;2.3
11;3;2.3
12;3;2.35
13;4;2.5
14;4;2.5
15;4;2.55
16;4;2.55
17;4;2.55
18;4;2.6
19;4;2.7
20;4;2.65
21;4;2.7
22;4;2.7
23;4;2.75
24;4;2.8
25;4;2.75
26;4;2.75
27;4;2.85
28;4;2.75
29;4;2.8
30;4;2.7
31;4;2.7
32;4;2.45
33;4;2.7
34;4;2.75
35;4;2.75
36;4;2.8
37;4;2.7
38;4;2.7
39;4;2.75
40;4;2.75
41;4;2.85
42;4;2.7
43;4;2.75
44;4;2.55
45;4;2.55
46;4;2.75
47;4;2.8
48;4;2.9
49;4;2.85
50;4;2.75
51;4;2.75
52;4;2.7
53;4;2.75
54;4;2.75
55;4;2.8
56;4;2.75
57;4;2.7
58;4;2.75
59;4;2.75
60;4;2.7
61;4;2.7
62;4;2.75
63;4;2.8
64;4;2.8
65;4;2.85
66;4;2.7
67;4;2.7
68;4;2.8
69;4;2.8
70;4;2.7
71;4;2.7
72;4;2.95
73;4;2.8
74;4;2.85
75;4;2.9
76;4;2.7
77;4;2.7
78;4;2.85
79;4;2.9
80;4;2.75
81;4;2.8
82;4;2.85
83;4;2.9
84;4;2.85
85;4;2.75
86;4;2.8
87;4;2.85
88;4;2.95
89;4;2.95
90;4;2.9
91;4;2.9
92;4;2.9
93;4;2.85
94;4;2.95
95;4;2.95
96;4;3.1
97;4;2.95
98;4;2.85
99;4;2.8
100;4;2.9
101;4;2.85
102;4;2.95
103;4;2.95
104;4;2.9
105;4;2.9
106;4;2.9
107;4;2.85
108;4;2.9
109;4;2.85
110;4;2.9
111;4;2.85
112;4;2.9
113;4;3.0
114;4;2.85
115;4;2.95
116;4;3.05
117;4;2.95
118;4;3.0
119;4;2.9
120;4;3.15
121;4;2.95
122;4;2.95
123;4;2.95
124;4;2.9
125;4;2.9
126;4;2.95
127;4;3.05
128;4;3.0
129;4;2.75
Meranie: 17
0;3;1.6
1;3;2.15
2;3;2.25
3;3;2.25
4;3;2.25
5;3;1.9
6;3;2.25
7;3;2.15
8;3;2.25
9;3;2.25
10;3;2.25
11;3;2.25
12;3;2.2
13;3;2.3
14;3;2.3
15;3;2.2
16;3;2.3
17;3;2.25
18;3;2.05
19;3;2.1
20;3;2.3
21;3;2.3
22;3;2.4
23;3;2.25
24;3;2.45
25;3;2.5
26;3;2.45
27;3;2.4
28;3;2.4
29;3;2.15
30;3;2.65
31;3;2.65
32;3;2.5
33;3;2.3
34;3;2.6
35;3;2.5
36;3;2.65
37;3;2.65
38;3;2.55
39;3;2.6
40;3;2.5
41;3;2.65
42;3;2.65
43;3;2.65
44;3;2.65
45;4;2.65
46;4;2.75
47;4;2.7
48;4;2.65
49;4;2.7
50;4;2.75
51;4;2.75
52;4;2.65
53;4;2.9
54;4;2.9
55;4;3.1
56;4;2.95
57;4;2.95
58;4;3.05
59;4;3.1
60;4;3.1
61;4;3.1
62;4;3.15
63;4;3.15
64;4;3.05
65;4;3.2
66;4;3.1
67;4;3.05
68;4;3.3
69;4;3.3
70;4;3.35
71;4;3.15
72;4;3.2
73;4;3.3
74;4;3.15
75;4;3.15
76;4;3.3
77;4;3.25
78;4;3.25
79;4;3.25
80;4;3.3
81;4;3.2
82;4;3.25
83;4;3.1
84;4;3.15
85;4;3.15
86;4;3.2
87;4;3.2
88;4;3.25
89;4;3.15
90;4;3.15
91;4;3.15
92;4;3.1
93;4;3.25
94;4;3.15
95;4;3.15
96;4;3.2
97;4;3.25
98;4;3.15
99;4;3.15
100;4;3.15
101;4;3.2
102;4;3.25
Meranie: 18
0;2;1.45
1;2;1.85
2;2;2.1
3;2;2.0
4;3;2.15
5;3;1.95
6;3;2.15
7;3;2.25
8;3;2.25
9;3;2.3
10;3;2.35
11;3;2.25
12;3;2.4
13;3;2.35
14;3;2.4
15;3;2.45
16;3;2.5
17;3;2.5
18;3;2.5
19;3;2.5
20;3;2.55
21;3;2.55
22;4;2.75
23;4;2.4
24;4;2.5
25;4;2.7
26;4;2.75
27;4;2.85
28;4;2.75
29;4;2.85
30;4;2.65
31;4;2.75
32;4;2.65
33;4;2.5
34;4;2.6
35;4;2.7
36;4;2.5
37;4;2.85
38;4;2.6
39;4;2.8
40;4;2.75
41;4;2.75
42;4;2.75
43;4;2.95
44;4;2.75
45;4;2.85
46;4;2.8
47;4;2.85
48;4;2.75
49;4;2.8
50;4;2.7
51;4;2.8
52;4;2.9
53;4;2.8
54;4;2.85
55;4;2.8
56;4;2.85
57;4;2.95
58;4;2.9
59;4;2.8
60;4;2.8
61;4;2.95
62;4;2.85
63;4;2.9
64;4;2.85
65;4;2.85
66;4;2.8
67;4;2.95
68;4;2.95
69;4;3.0
70;4;2.9
71;4;3.05
72;4;2.85
73;4;3.1
74;4;2.95
75;4;2.95
76;4;3.15
77;4;2.95
78;4;2.95
79;4;2.9
80;4;3.1
81;4;3.05
82;4;3.15
83;4;3.05
84;4;3.1
85;4;3.2
86;4;3.1
87;4;3.05
88;4;3.0
89;4;3.1
90;4;3.1
91;4;3.25
92;4;3.1
93;4;3.05
94;4;2.9
95;4;3.05
96;4;3.0
97;4;2.95
98;4;3.1
99;4;3.1
100;4;3.15
101;4;3.1
102;4;3.1
103;4;3.1
104;4;3.2
105;4;3.0
106;4;3.05
107;4;3.1
108;4;3.05
109;4;2.95
110;4;3.1
111;4;3.3
112;4;3.15
113;4;3.2
114;4;3.2
115;4;2.95
116;4;3.2
117;4;3.15
118;4;3.15
119;4;3.3
120;4;3.0
121;4;3.2
122;4;3.15
123;4;3.2
124;4;2.85
125;4;3.05
126;4;2.95
127;4;3.2
128;4;3.2
129;4;3.05
130;4;3.1
131;4;2.85
132;4;3.0
133;4;3.1
134;4;3.25
135;4;3.1
136;4;3.1
137;4;3.1
138;4;3.1
139;4;3.2
140;4;2.95
141;4;2.85
142;4;3.05
143;4;3.1
144;4;3.15
145;4;3.2
146;4;2.95
147;4;2.75
148;4;3.2
149;4;3.15
150;4;3.05
151;4;3.25
152;4;3.1
153;4;3.2
154;4;3.1
155;4;3.0
156;4;3.2
157;4;3.15
158;4;2.85
159;4;3.2
160;4;3.15
161;4;3.25
162;4;3.2
163;4;3.15
164;4;3.0
165;4;3.15
166;4;3.15
167;4;3.15
168;4;3.15
169;4;3.15
170;4;3.2
171;4;3.15
172;4;3.1
173;4;3.15
174;4;3.15
175;4;3.05
176;4;3.1
177;4;3.1
178;4;3.2
179;4;2.9
180;4;3.15
181;4;2.85
182;4;3.1
183;4;3.0
184;4;3.05
185;4;2.95
186;4;2.85
187;4;3.1
188;4;3.1
189;4;3.0
190;4;2.85
191;4;2.95
192;4;3.0
193;4;3.15
194;4;3.15
195;4;2.95
196;4;3.1
197;4;3.1
198;4;3.15
199;4;3.15
200;4;3.1
Meranie: 19
0;2;1.7
1;2;1.85
2;2;1.75
3;2;2.1
4;2;1.9
5;2;1.85
6;3;2.1
7;3;2.15
8;3;2.15
9;3;2.15
10;3;2.1
11;3;1.95
12;3;2.15
13;3;2.15
14;3;2.25
15;3;2.15
16;3;2.25
17;3;2.25
18;3;2.15
19;3;2.0
20;3;2.25
21;3;2.2
22;3;2.3
23;4;2.45
24;4;2.55
25;4;2.55
26;4;2.6
27;4;2.6
28;4;2.65
29;4;2.7
30;4;2.7
31;4;2.6
32;4;2.75
Meranie: 20
0;2;1.8
1;2;1.9
2;2;1.9
3;3;2.2
4;3;2.15
5;3;2.15
6;3;2.25
7;3;2.25
8;3;2.2
9;3;2.3
10;3;2.2
11;3;2.35
12;3;2.2
13;3;2.45
14;4;2.45
15;4;2.6
16;4;2.65
17;4;2.65
18;4;2.7
19;4;2.65
20;4;2.4
21;4;2.75
22;4;2.8
23;4;2.7
24;4;2.7
25;4;2.55
26;4;2.6
27;4;2.55
28;4;2.85
29;4;2.75
30;4;2.75
31;4;2.75
32;4;2.7
33;4;2.7
34;4;2.7
35;4;2.6
36;4;2.7
37;4;2.7
38;4;2.75
39;4;2.65
40;4;2.7
41;4;2.7
42;4;2.75
43;4;2.8
44;4;2.75
45;4;2.8
46;4;2.8
47;4;2.8
48;4;2.75
49;4;2.6
50;4;2.75
51;4;2.75
52;4;2.75
53;4;2.7
54;4;2.75
55;4;2.7
56;4;2.75
57;4;2.75
58;4;2.75
59;4;2.8
60;4;2.65
61;4;2.7
62;4;2.65
63;4;2.7
64;4;2.8
65;4;2.85
66;4;2.8
67;4;2.6
68;4;2.6
69;4;2.65
70;4;2.75
71;4;2.6
72;4;2.8
73;4;2.85
74;4;2.95
75;4;2.8
76;4;2.8
77;4;2.8
78;4;2.95
79;4;2.85
80;4;2.7
81;4;3.0
82;4;2.85
83;4;2.95
84;4;3.0
85;4;2.85
86;4;2.85
87;4;2.9
88;4;3.0
89;4;2.9
90;4;2.9
91;4;2.65
92;4;2.95
93;4;2.85
94;4;2.85
95;4;2.8
96;4;2.95
97;4;3.1
98;4;2.85
99;4;2.9
100;4;2.85
101;4;2.85
102;4;2.9
103;4;2.85
104;4;2.8
105;4;2.9
106;4;2.9
107;4;2.75
108;4;2.9
109;4;2.7
110;4;2.95
111;4;2.65
112;4;3.0
113;4;2.8
114;4;2.9
115;4;2.8
116;4;2.75
117;4;2.95
118;4;2.9
119;4;2.9
120;4;2.95
121;4;2.85
122;4;2.9
123;4;2.9
124;4;2.85
125;4;2.9
126;4;2.9
127;4;2.9
128;4;2.9
129;4;2.8
130;4;2.8
131;4;2.9
132;4;2.9
133;4;2.85
134;4;3.0
135;4;3.0
136;4;2.95
137;4;3.0
138;4;2.9
139;4;3.0
140;4;3.05
141;4;3.05
142;4;3.0
143;4;2.95
144;4;3.0
145;4;3.0
146;4;3.05
147;4;3.0
148;4;3.05
149;4;3.0
150;4;3.05
151;4;3.05
152;4;3.05
153;4;3.05
154;4;3.1
155;4;3.0
156;4;3.0
157;4;3.1
158;4;3.05
159;4;3.1
160;4;3.05
161;4;3.05
162;4;3.0
163;4;3.15
164;4;3.1
165;4;3.05
166;4;3.05
167;4;3.1
168;4;3.05
169;4;3.15
170;4;3.05
171;4;2.95
172;4;3.15
173;4;3.2
174;4;3.15
175;4;3.15
176;4;3.05
177;4;3.15
178;4;3.15
179;4;3.15
180;4;3.05
181;4;3.1
182;4;3.05
183;4;2.85
184;4;3.1
185;4;3.05
186;4;2.95
187;4;3.1
188;4;3.1
189;4;3.1
190;4;3.15
191;4;2.95
192;4;3.0
193;4;3.05
194;4;3.05
195;4;3.1
196;4;3.05
197;4;3.05
198;4;3.05
199;4;3.1
200;4;3.05
201;4;3.15
202;4;3.05
203;4;3.1
204;4;3.15
205;4;3.1
206;4;3.25
207;4;3.15
208;4;3.0
209;4;3.05
210;4;2.85
211;4;3.15
212;4;3.1
213;4;3.2
214;4;3.15
215;4;3.1
216;4;3.25
217;4;3.15
218;4;3.15
219;4;3.0
220;4;3.2
221;4;3.1
222;4;3.1
223;4;3.15
224;4;3.3
225;4;3.1
226;4;3.2
227;4;3.1
228;4;3.0
229;4;3.2
230;4;3.2
231;4;3.1
232;4;3.15
233;4;3.1
234;4;3.2
235;4;3.1
236;4;3.1
237;4;3.15
238;4;2.9
239;4;3.1
240;4;3.0
241;4;3.2
242;4;3.1
243;4;3.15
244;4;3.1
245;4;3.1
246;4;3.2
247;4;3.15
248;4;3.1
249;4;3.15
250;4;3.1
251;4;3.0
252;4;2.95
253;4;3.0
254;4;2.95
255;4;3.05
256;4;3.15
257;4;3.05
258;4;3.15
259;4;2.9
260;4;3.1
261;4;3.2
262;4;3.1
263;4;3.0
264;4;3.1
265;4;3.15
266;4;3.1
267;4;3.2
268;4;3.0
269;4;3.1
270;4;2.8
271;4;3.1
272;4;2.9
273;4;3.2
274;4;2.8
275;4;3.1
276;4;3.15
277;4;3.1
278;4;3.1
279;4;3.1
280;4;3.15
281;4;3.1
282;4;3.1
283;4;3.05
284;4;3.2
285;4;3.2
286;4;3.3
287;4;3.25
288;4;3.1
289;4;3.1
290;4;3.1
291;4;3.1
292;4;3.1
293;4;3.15
294;4;3.1
295;4;3.0
296;4;3.15
297;4;3.2
298;4;3.2
299;4;3.1
300;4;3.1
301;4;3.1
302;4;3.2
303;4;3.25
304;4;3.15
305;4;3.1
306;4;3.15
307;4;3.15
308;4;3.15
309;4;3.15
310;4;3.1
311;4;3.1
312;4;3.1
313;4;3.1
314;4;3.15
315;4;3.1
316;4;3.0
317;4;3.05
318;4;3.15
319;4;3.3
320;4;3.1
321;4;3.1
322;4;3.1
323;4;3.1
324;4;3.1
325;4;3.15
326;4;3.15
327;4;3.25
328;4;3.15
329;4;3.2
330;4;3.2
331;4;3.15
332;4;3.2
333;4;3.25
334;4;3.1
335;4;3.1
336;4;3.2
337;4;3.2
338;4;3.15
339;4;3.1
340;4;3.05
341;4;3.1
342;4;3.1
343;4;3.25
344;4;3.1
345;4;3.1
346;4;3.15
347;4;2.95
348;4;2.95
349;4;3.1
350;4;3.1
351;4;3.15
352;4;3.3
353;4;3.1
354;4;3.1
355;4;3.15
356;4;3.25
357;4;3.0
358;4;2.95
359;4;3.15
360;4;3.15
361;4;3.15
362;4;3.2
363;4;3.1
364;4;3.0
365;4;2.9
366;4;3.25
367;4;3.2
368;4;2.95
369;4;3.1
370;4;3.15
371;4;3.15
372;4;3.0
373;4;3.1
374;4;3.1
375;4;3.15
376;4;3.15
377;4;3.1
378;4;3.1
379;4;3.05
380;4;3.1
381;4;3.2
382;4;3.1
383;4;3.15
384;4;3.2
385;4;3.1
386;4;3.1
387;4;3.15
388;4;3.15
389;4;3.15
390;4;3.15
391;4;3.15
392;4;3.2
393;4;3.2
394;4;3.3
395;4;3.1
396;4;3.35
397;4;3.15
398;4;3.15
399;4;3.35
400;4;3.15
401;4;3.15
402;4;3.2
403;4;3.1
404;4;3.1
405;4;3.1
406;4;3.1
407;4;3.15
408;4;3.25
409;4;3.1
410;4;3.2
411;4;3.15
412;4;3.2
413;4;2.8
414;4;3.1
415;4;3.15
416;4;3.1
417;4;3.1
418;4;3.1
419;4;3.05
420;4;3.2
421;4;3.1
422;4;3.1
423;4;3.1
424;4;3.2
425;4;3.35
426;4;3.1
427;4;3.1
428;4;3.1
429;4;3.25
430;4;3.2
431;4;3.15
432;4;3.25
433;4;3.15
434;4;3.1
435;4;3.15
436;4;3.1
437;4;3.25
438;4;3.4
439;4;3.25
440;4;3.25
441;4;3.1
442;4;3.15
443;4;3.1
444;4;3.25
445;4;3.1
446;4;3.1
447;4;3.15
448;4;3.15
449;4;3.2
450;4;3.1
451;4;3.1
452;4;3.15
453;4;3.15
454;4;3.1
455;4;3.1
456;4;3.1
457;4;3.25
458;4;3.35
459;4;3.1
460;4;3.1
461;4;3.05
462;4;3.15
463;4;3.05
464;4;3.05
465;4;3.1
466;4;3.15
467;4;3.1
468;4;3.15
469;4;3.25
470;4;3.1
471;4;3.15
472;4;3.2
473;4;3.1
474;4;3.15
475;4;3.15
476;4;3.1
477;4;3.25
478;4;3.1
479;4;3.1
480;4;3.1
481;4;3.15
482;4;3.15
483;4;3.2
484;4;3.15
485;4;3.2
486;4;3.1
487;4;3.1
488;4;3.25
489;4;3.15
490;4;3.2
491;4;3.1
492;4;3.15
493;4;3.15
494;4;3.2
495;4;3.15
496;4;3.2
497;4;3.1
498;4;3.2
499;4;3.2
500;4;3.15
501;4;3.1
502;4;3.15
503;4;3.15
504;4;3.15
505;4;3.1
506;4;3.2
507;4;3.1
508;4;3.15
509;4;3.2
510;4;3.2
511;4;3.1
512;4;3.1
513;4;3.25
514;4;3.2
515;4;3.1
516;4;3.1
517;4;3.1
518;4;3.15
519;4;3.1
520;4;3.3
521;4;3.1
522;4;3.2
523;4;3.1
524;4;3.1
525;4;3.2
526;4;3.0
527;4;3.1
528;4;3.1
529;4;3.3
530;4;3.1
531;4;3.25
532;4;3.2
533;4;3.1
534;4;3.1
535;4;3.2
536;4;2.95
537;4;3.2
538;4;3.2
539;4;3.1
540;4;3.1
541;4;3.15
542;4;3.1
543;4;3.2
544;4;3.25
545;4;3.2
546;4;3.2
547;4;3.2
548;4;3.2
549;4;3.1
550;4;3.2
551;4;3.15
552;4;3.2
553;4;3.15
554;4;3.2
555;4;3.2
556;4;3.2
557;4;3.2
558;4;3.15
559;4;3.1
560;4;3.2
561;4;3.15
562;4;3.15
563;4;3.15
564;4;3.25
565;4;3.2
566;4;3.1
567;4;3.0
568;4;3.2
569;4;3.1
570;4;3.1
571;4;3.1
572;4;3.15
573;4;3.2
574;4;3.15
575;4;3.1
576;4;3.15
577;4;3.1
578;4;3.1
579;4;3.1
580;4;3.2
581;4;3.15
582;4;3.15
583;4;3.15
584;4;3.15
585;4;3.15
586;4;3.2
587;4;3.1
588;4;3.1
589;4;2.95
590;4;3.15
591;4;2.95
592;4;3.25
593;4;3.2
594;4;3.25
595;4;3.15
596;4;3.1
597;4;2.9
598;4;3.2
599;4;2.95
600;4;3.1
601;4;3.0
602;4;3.1
603;4;3.1
604;4;2.95
605;4;3.1
606;4;3.2
607;4;3.1
608;4;3.1
609;4;3.3
610;4;3.1
611;4;3.15
612;4;3.25
