Meranie: 0
0;2;0.6
1;2;1.25
2;2;1.35
3;2;1.55
4;3;1.85
5;3;1.9
6;3;2.1
7;3;1.9
8;3;1.85
9;3;2.15
10;3;2.0
11;3;2.0
12;3;2.05
13;3;2.15
14;3;2.15
15;3;2.1
16;3;1.85
17;3;1.9
18;3;1.9
19;3;2.05
20;3;2.2
21;3;2.2
22;3;2.05
23;3;2.2
24;3;2.15
25;3;2.2
26;3;2.05
27;3;2.1
28;3;2.2
29;3;2.2
30;3;2.15
31;3;2.0
32;3;2.0
33;3;2.1
34;3;2.15
35;3;2.2
36;3;2.2
37;3;2.1
38;3;2.05
39;3;1.95
40;3;1.95
41;3;2.2
42;3;2.05
43;3;2.05
44;3;1.85
45;3;2.2
46;3;2.1
47;3;2.2
48;3;2.1
49;3;2.05
50;3;2.15
51;3;2.15
52;3;2.0
53;3;2.05
54;3;2.25
55;3;2.05
56;3;1.85
57;3;2.1
58;3;2.05
59;3;2.1
60;3;2.05
61;3;2.1
62;3;2.1
63;3;2.15
64;3;2.15
65;3;2.15
66;3;2.15
67;3;2.05
68;3;1.95
69;3;2.1
70;3;2.0
71;3;2.0
72;3;2.1
73;3;2.25
74;3;2.1
75;3;2.0
76;3;2.15
77;3;2.1
78;3;2.0
79;3;1.95
80;3;2.2
81;3;2.3
82;3;1.9
83;3;2.0
84;3;1.9
85;3;2.1
86;3;2.15
87;3;2.0
88;3;1.9
89;3;2.35
90;3;2.2
91;3;2.15
92;3;2.1
93;3;2.25
94;3;2.25
95;3;2.0
96;3;2.05
97;3;2.25
98;3;2.05
99;3;2.0
100;3;2.2
101;3;2.25
102;3;2.2
103;3;2.45
104;3;2.15
105;3;2.25
106;3;2.2
107;3;2.2
108;3;2.35
109;3;2.15
110;3;2.15
111;3;2.15
112;3;2.2
113;3;2.25
114;3;2.15
115;3;2.2
116;3;2.25
117;3;2.15
118;3;2.1
119;3;2.2
120;3;2.1
121;3;2.15
122;3;2.1
123;3;2.0
124;3;2.05
125;3;2.4
126;3;2.3
127;3;2.25
128;3;2.35
129;3;2.1
130;3;2.15
131;3;2.15
132;3;2.1
133;3;2.25
134;3;2.2
135;3;2.4
136;3;2.25
137;3;2.35
138;3;2.35
139;3;2.15
140;3;2.2
141;3;2.4
142;3;2.2
143;3;2.25
144;3;2.1
145;3;2.25
146;3;2.4
147;3;2.3
148;3;2.15
149;3;2.25
150;3;2.2
151;3;2.3
152;3;2.4
153;3;2.2
154;3;2.35
155;3;2.35
156;3;2.3
157;3;2.3
158;3;2.2
159;3;2.5
160;3;2.5
161;3;2.35
162;3;2.15
163;3;2.25
164;3;2.35
165;3;2.35
166;3;2.5
167;3;2.4
168;3;2.4
169;3;2.4
170;3;2.3
171;3;2.35
172;3;2.6
173;3;2.3
174;3;2.3
175;3;2.45
176;3;2.55
177;3;2.45
178;3;2.5
179;3;2.35
180;3;2.4
181;3;2.25
182;3;2.6
183;3;2.5
184;3;2.3
185;3;2.4
186;3;2.4
187;3;2.6
188;3;2.25
189;3;2.45
190;3;2.3
191;3;2.45
192;3;2.5
193;4;2.55
194;4;2.5
195;4;2.3
196;4;2.35
197;4;2.7
198;4;2.55
199;4;2.55
200;4;2.4
201;4;2.65
202;4;2.4
203;4;2.6
204;4;2.5
205;4;2.7
206;4;2.75
207;4;2.35
208;4;2.65
209;4;2.5
210;4;2.5
211;4;2.7
212;4;2.3
213;4;2.4
214;4;2.55
215;4;2.5
216;4;2.7
217;4;2.6
218;4;2.55
219;4;2.65
220;4;2.5
221;4;2.65
222;4;2.5
223;4;2.45
224;4;2.6
225;4;2.85
226;4;2.75
227;4;2.75
228;4;2.65
229;4;2.65
230;4;2.75
231;4;2.75
232;4;2.8
233;4;2.5
234;4;2.8
235;4;2.7
236;4;2.7
237;4;2.75
238;4;2.65
239;4;2.75
240;4;2.7
241;4;2.8
242;4;2.55
243;4;2.7
244;4;2.75
245;4;2.75
246;4;2.65
247;4;2.7
248;4;2.85
249;4;2.8
250;4;2.85
251;4;2.9
252;4;2.85
253;4;2.85
254;4;2.9
255;4;2.55
256;4;2.7
257;4;2.85
258;4;2.7
259;4;2.7
260;4;2.5
261;4;2.7
262;4;2.65
263;4;2.65
264;4;2.8
265;4;3.0
266;4;2.95
267;4;2.9
268;4;3.0
269;4;2.95
270;4;2.75
271;4;2.55
272;4;2.85
273;4;2.85
274;4;2.9
275;4;2.7
276;4;2.65
277;4;2.75
278;4;2.85
279;4;2.75
280;4;2.7
281;4;2.75
282;4;2.9
283;4;2.8
284;4;2.75
285;4;2.85
286;4;2.9
287;4;2.75
288;4;2.95
289;4;2.7
290;4;2.75
291;4;2.7
292;4;2.7
293;4;2.8
294;4;2.8
295;4;2.85
296;4;2.8
297;4;3.0
298;4;3.0
299;4;2.65
300;4;2.95
301;4;2.7
302;4;2.6
303;4;2.7
304;4;2.75
305;4;2.95
306;4;3.05
307;4;2.95
308;4;2.7
309;4;2.9
310;4;2.55
311;4;2.85
312;4;2.7
313;4;2.85
314;4;2.95
315;4;2.85
316;4;2.7
317;4;2.95
318;4;2.85
319;4;2.9
320;4;2.95
321;4;2.9
322;4;2.85
323;4;3.15
324;4;2.8
325;4;2.95
326;4;2.95
327;4;3.05
328;4;3.0
329;4;3.05
330;4;2.85
331;4;2.85
332;4;3.2
333;4;3.15
334;4;3.05
335;4;3.1
336;4;3.1
337;4;3.2
338;4;3.15
339;4;3.0
340;4;2.95
341;4;3.1
342;4;2.95
343;4;3.15
344;4;3.15
345;4;3.05
346;4;3.25
347;4;2.9
Meranie: 1
0;1;0.75
1;1;1.05
2;2;1.25
3;2;1.35
4;2;1.6
5;2;1.75
6;2;1.85
7;2;1.7
8;2;2.1
9;2;1.8
10;2;2.05
11;2;2.1
12;2;2.1
13;3;2.15
14;3;2.15
15;3;2.15
16;3;2.15
17;3;2.15
18;3;2.15
19;3;2.15
20;3;2.15
21;3;2.15
22;3;2.2
23;3;2.2
24;3;2.2
25;3;2.2
26;3;2.2
27;3;2.2
28;3;2.2
29;3;2.2
30;3;2.2
31;3;2.2
32;3;2.2
33;3;2.2
34;3;2.2
35;3;2.2
36;3;2.2
37;3;2.2
38;3;2.2
39;3;2.2
40;3;2.2
41;3;2.2
42;3;2.2
43;3;2.2
44;3;2.2
45;3;2.2
46;3;2.2
47;3;2.2
48;3;2.2
49;3;2.2
50;3;2.2
51;3;2.2
52;3;2.2
53;3;2.2
54;3;2.2
55;3;2.2
56;3;2.2
57;3;2.2
58;3;2.2
59;3;2.2
60;3;2.2
61;3;2.2
62;3;2.2
63;3;2.2
64;3;2.2
65;3;2.2
66;3;2.2
67;3;2.2
68;3;2.2
69;3;2.2
70;3;2.2
71;3;2.2
72;3;2.2
73;3;2.2
74;3;2.2
75;3;2.2
76;3;2.2
77;3;2.2
78;3;2.2
79;3;2.2
80;3;2.2
81;3;2.2
82;3;2.2
83;3;2.2
84;3;2.2
85;3;2.2
86;3;2.2
87;3;2.2
88;3;2.2
89;3;2.2
90;3;2.2
91;3;2.2
92;3;2.2
93;3;2.2
94;3;2.2
95;3;2.2
96;3;2.2
97;3;2.2
98;3;2.2
99;3;2.2
100;3;2.2
101;3;2.2
102;3;2.2
103;3;2.2
104;3;2.2
105;3;2.2
106;3;2.2
107;3;2.2
108;3;2.2
109;3;2.2
110;3;2.2
111;3;2.2
112;3;2.2
113;3;2.2
114;3;2.2
115;3;2.2
116;3;2.2
117;3;2.2
118;3;2.2
119;3;2.05
120;3;2.2
121;3;2.2
122;3;2.2
123;3;2.2
124;3;2.2
125;3;2.2
126;3;2.2
127;3;2.2
128;3;2.2
129;3;2.2
130;3;2.2
131;3;2.2
132;3;2.2
133;3;2.25
134;3;2.25
135;3;2.25
136;3;2.25
137;3;2.25
138;3;2.25
139;3;2.25
140;3;2.25
141;3;2.25
142;3;2.25
143;3;2.25
144;3;2.25
145;3;2.25
146;3;2.25
147;3;2.25
148;3;2.3
149;3;2.3
150;3;2.3
151;3;2.3
152;3;2.3
153;3;2.3
154;3;2.3
155;3;2.3
156;3;2.3
157;3;2.35
158;3;2.35
159;3;2.35
160;3;2.35
161;3;2.35
162;3;2.4
163;3;2.4
164;3;2.4
165;3;2.4
166;3;2.45
167;3;2.45
168;3;2.45
169;3;2.45
170;3;2.45
171;3;2.35
172;3;2.35
173;3;2.45
174;3;2.45
175;3;2.45
176;3;2.45
177;3;2.45
178;3;2.45
179;3;2.45
180;3;2.35
181;3;2.5
182;3;2.55
183;3;2.55
184;3;2.4
185;3;2.55
186;3;2.6
187;3;2.6
188;3;2.6
189;3;2.3
190;3;2.65
191;3;2.6
192;3;2.55
193;3;2.55
194;3;2.6
195;3;2.55
196;3;2.6
197;3;2.3
198;3;2.35
199;3;2.6
200;3;2.6
201;3;2.55
202;3;2.4
203;3;2.45
204;3;2.6
205;3;2.55
206;3;2.55
207;3;2.35
208;3;2.4
209;3;2.6
210;3;2.4
211;3;2.6
212;3;2.3
213;3;2.3
214;3;2.6
215;3;2.6
216;3;2.55
217;3;2.6
218;3;2.6
219;3;2.6
220;3;2.55
221;3;2.65
222;3;2.6
223;3;2.5
224;3;2.45
225;3;2.35
226;3;2.4
227;3;2.6
228;3;2.55
229;3;2.25
230;3;2.5
231;3;2.6
232;3;2.35
233;3;2.6
234;3;2.5
235;3;2.5
236;3;2.6
237;3;2.6
238;3;2.55
239;3;2.45
240;3;2.5
241;3;2.3
242;3;2.65
243;3;2.5
244;3;2.45
245;3;2.6
246;3;2.55
Meranie: 2
0;2;0.85
1;2;1.35
2;2;1.45
3;2;2.0
4;2;1.9
5;2;2.0
6;2;2.1
7;2;2.05
8;2;2.1
9;2;2.1
10;3;1.9
11;3;1.8
12;3;2.15
13;3;1.85
14;3;1.8
15;3;2.15
16;3;1.95
17;3;2.0
18;3;1.85
19;3;1.95
20;3;1.95
21;3;2.05
22;3;2.05
23;3;2.15
24;3;2.05
25;3;2.15
26;3;2.2
27;3;2.15
28;3;2.2
29;3;2.1
30;3;1.9
31;3;2.15
32;3;2.0
33;3;2.2
34;3;2.2
35;3;1.95
36;3;2.2
37;3;2.05
38;3;2.1
39;3;2.2
40;3;2.1
41;3;1.9
42;3;1.95
43;3;1.85
44;3;2.1
45;3;1.95
46;3;2.2
47;3;2.0
48;3;2.2
49;3;2.05
50;3;2.05
51;3;2.2
52;3;2.0
53;3;1.95
54;3;2.0
55;3;2.15
56;3;2.05
57;3;2.05
58;3;1.85
59;3;2.1
60;3;2.05
61;3;2.15
62;3;2.15
63;3;2.2
64;3;2.2
65;4;2.15
66;4;2.1
67;4;2.2
68;4;2.25
69;4;2.05
70;4;2.55
71;4;2.4
72;4;2.05
73;4;2.15
74;4;2.25
75;4;2.55
76;4;2.25
77;4;2.2
78;4;2.25
79;4;2.35
80;4;2.2
81;4;2.2
82;4;2.45
83;4;2.55
84;4;2.35
85;4;2.4
86;4;2.35
87;4;2.5
88;4;2.3
89;4;2.6
90;4;2.45
91;4;2.6
92;4;2.6
93;4;2.45
94;4;2.7
95;4;2.6
96;4;2.65
97;4;2.6
98;4;2.25
99;4;2.55
100;4;2.7
101;4;2.4
102;4;2.5
103;4;2.5
104;4;2.35
105;4;2.65
106;4;2.7
107;4;2.6
108;4;2.65
109;4;2.6
110;4;2.65
111;4;2.7
112;4;2.45
113;4;2.75
114;4;2.7
115;4;2.7
116;4;2.75
117;4;2.7
118;4;2.7
119;4;2.65
120;4;2.75
121;4;2.65
122;4;2.7
123;4;2.75
124;4;2.7
125;4;2.55
126;4;2.5
127;4;2.6
128;4;2.7
129;4;2.7
130;4;2.45
131;4;2.7
132;4;2.4
133;4;2.65
134;4;2.7
135;4;2.6
136;4;2.75
137;4;2.45
138;4;2.25
139;4;2.7
140;4;2.65
141;4;2.7
142;4;2.75
143;4;2.7
144;4;2.65
145;4;2.7
146;4;2.55
147;4;2.7
148;4;2.65
149;4;2.7
150;4;2.7
151;4;2.65
152;4;2.6
153;4;2.6
154;4;2.7
155;4;2.6
156;4;2.55
157;4;2.8
158;4;2.7
159;4;2.7
160;4;2.7
161;4;2.75
162;4;2.7
163;4;2.65
164;4;2.7
165;4;2.7
166;4;2.7
167;4;2.55
168;4;2.85
169;4;2.7
170;4;2.7
171;4;2.65
172;4;2.7
173;4;2.6
174;4;2.65
175;4;2.65
176;4;2.7
177;4;2.65
178;4;2.8
179;4;2.45
180;4;2.7
181;4;2.7
182;4;2.7
183;4;2.6
184;4;2.55
185;4;2.7
186;4;2.7
187;4;2.7
188;4;2.7
189;4;2.55
190;4;2.7
191;4;2.7
192;4;2.4
193;4;2.55
194;4;2.55
195;4;2.7
196;4;2.8
197;4;2.65
198;4;2.55
199;4;2.7
200;4;2.7
201;4;2.7
202;4;2.5
203;4;2.7
204;4;2.75
205;4;2.65
206;4;2.65
207;4;2.65
208;4;2.7
209;4;2.55
210;4;2.5
211;4;2.45
212;4;2.65
213;4;2.65
214;4;2.55
215;4;2.8
216;4;2.8
217;4;2.8
218;4;2.7
219;4;2.75
220;4;2.85
221;4;2.8
222;4;2.7
223;4;2.75
224;4;2.75
225;4;2.65
226;4;2.45
227;4;2.65
228;4;2.75
229;4;2.65
230;4;2.75
231;4;2.75
232;4;2.75
233;4;2.75
234;4;2.65
235;4;2.65
236;4;2.75
237;4;2.75
238;4;2.8
239;4;2.6
240;4;2.8
241;4;2.75
242;4;2.7
243;4;2.75
244;4;2.5
245;4;2.8
246;4;2.75
247;4;2.85
248;4;2.75
249;4;2.5
250;4;2.7
251;4;2.9
252;4;2.8
253;4;2.5
254;4;2.7
255;4;2.7
256;4;2.55
257;4;2.65
258;4;2.8
259;4;2.55
260;4;2.75
261;4;2.8
262;4;2.75
263;4;2.55
264;4;2.5
265;4;2.7
266;4;2.45
267;4;2.75
268;4;2.75
269;4;2.75
270;4;2.75
271;4;2.75
272;4;2.8
273;4;2.75
274;4;2.7
275;4;2.55
276;4;2.5
277;4;2.55
278;4;2.7
279;4;2.4
280;4;2.75
281;4;2.75
282;4;2.75
283;4;2.8
284;4;2.6
285;4;2.75
286;4;2.7
287;4;2.65
288;4;2.75
289;4;2.85
290;4;2.65
291;4;2.75
292;4;2.55
293;4;2.6
294;4;2.7
295;4;2.65
296;4;2.75
297;4;2.75
298;4;2.6
299;4;2.75
300;4;2.5
301;4;2.75
302;4;2.8
303;4;2.4
304;4;2.5
305;4;2.75
306;4;2.6
307;4;2.8
308;4;2.7
309;4;2.8
310;4;2.8
311;4;2.8
312;4;2.65
313;4;2.55
314;4;2.65
315;4;2.5
316;4;2.7
317;4;2.75
318;4;2.7
319;4;2.8
320;4;2.75
321;4;2.75
322;4;2.8
323;4;2.7
324;4;2.75
325;4;2.6
326;4;2.75
327;4;2.75
328;4;2.7
329;4;2.65
330;4;2.75
331;4;2.8
332;4;2.7
333;4;2.75
334;4;2.75
335;4;2.75
336;4;2.6
337;4;2.8
338;4;2.55
339;4;2.7
340;4;2.65
341;4;2.75
342;4;2.7
343;4;2.6
344;4;2.75
345;4;2.55
346;4;2.7
347;4;2.5
348;4;2.6
349;4;2.7
350;4;2.8
351;4;2.8
352;4;2.75
353;4;2.5
354;4;2.75
355;4;2.45
356;4;2.85
357;4;2.7
358;4;2.8
359;4;2.75
360;4;2.85
361;4;2.75
362;4;2.75
363;4;2.8
364;4;2.75
365;4;2.7
366;4;2.65
367;4;2.8
368;4;2.75
369;4;2.55
370;4;2.6
371;4;2.65
372;4;2.5
373;4;2.95
374;4;2.75
375;4;2.75
376;4;2.8
377;4;2.45
378;4;2.55
379;4;2.5
380;4;2.65
381;4;2.55
382;4;2.65
383;4;2.7
384;4;2.65
385;4;2.65
386;4;2.75
387;4;2.6
388;4;2.7
389;4;2.55
390;4;2.75
391;4;2.75
392;4;2.6
393;4;2.75
394;4;2.8
395;4;2.75
396;4;2.55
397;4;2.8
398;4;2.55
399;4;2.8
400;4;2.75
401;4;2.75
402;4;2.75
403;4;2.7
404;4;2.75
405;4;2.65
406;4;2.6
407;4;2.75
408;4;2.65
409;4;2.75
410;4;2.45
411;4;2.75
412;4;2.6
413;4;2.5
414;4;2.65
415;4;2.65
416;4;2.6
417;4;2.75
418;4;2.75
419;4;2.75
420;4;2.65
421;4;2.6
422;4;2.75
423;4;2.55
424;4;2.4
425;4;2.6
426;4;2.7
427;4;2.75
428;4;2.75
429;4;2.75
430;4;2.75
431;4;2.65
432;4;2.75
433;4;2.55
434;4;2.45
435;4;2.75
436;4;2.65
437;4;2.8
438;4;2.8
439;4;2.8
440;4;2.5
441;4;2.75
442;4;2.65
443;4;2.75
444;4;2.55
445;4;2.75
446;4;2.7
447;4;2.75
448;4;2.75
449;4;2.65
450;4;2.8
451;4;2.6
452;4;2.8
453;4;2.65
454;4;2.8
455;4;2.85
456;4;2.8
457;4;2.75
458;4;2.65
459;4;2.65
460;4;2.8
461;4;2.35
462;4;2.75
463;4;2.6
464;4;2.8
465;4;2.6
466;4;2.65
467;4;2.75
468;4;2.55
469;4;2.7
470;4;2.55
471;4;2.8
472;4;2.7
473;4;2.7
474;4;2.8
475;4;2.8
476;4;2.8
477;4;2.7
478;4;2.75
479;4;2.85
480;4;2.5
481;4;2.55
482;4;2.75
483;4;2.7
484;4;2.8
485;4;2.7
486;4;2.8
487;4;2.8
488;4;2.5
489;4;2.85
490;4;2.8
491;4;2.8
492;4;2.75
493;4;2.8
494;4;2.7
495;4;2.6
496;4;2.65
497;4;2.55
498;4;2.75
499;4;2.8
500;4;2.65
501;4;2.8
502;4;2.75
503;4;2.65
504;4;2.5
505;4;2.8
506;4;2.65
507;4;2.75
508;4;2.75
509;4;2.85
510;4;2.9
511;4;2.75
512;4;2.6
513;4;2.5
514;4;2.7
515;4;2.6
516;4;2.65
517;4;2.95
518;4;2.9
519;4;2.8
520;4;2.9
521;4;2.9
522;4;2.75
523;4;2.9
524;4;2.8
525;4;2.7
526;4;2.75
527;4;2.8
528;4;2.7
529;4;2.75
530;4;2.6
531;4;2.65
532;4;2.65
533;4;2.9
534;4;2.75
535;4;2.8
536;4;2.8
537;4;2.8
538;4;2.8
539;4;2.8
540;4;2.65
541;4;2.9
542;4;2.65
543;4;2.7
544;4;2.85
545;4;2.7
546;4;2.8
547;4;2.85
548;4;2.9
549;4;2.85
550;4;2.65
551;4;2.75
552;4;2.85
553;4;2.65
554;4;2.8
555;4;2.8
556;4;2.95
557;4;2.75
558;4;2.7
559;4;2.8
560;4;2.95
561;4;2.7
562;4;2.95
563;4;2.8
564;4;2.8
565;4;2.6
566;4;2.7
567;4;3.05
568;4;2.95
569;4;2.95
570;4;2.95
571;4;2.9
572;4;2.75
573;4;2.7
574;4;2.85
575;4;3.0
576;4;2.85
577;4;2.7
578;4;2.75
579;4;2.8
580;4;2.8
581;4;2.65
582;4;2.85
583;4;2.8
584;4;3.0
585;4;2.75
586;4;2.9
587;4;2.75
588;4;2.7
589;4;3.0
590;4;2.85
591;4;3.0
592;4;2.85
593;4;2.85
594;4;2.7
595;4;2.75
596;4;3.05
597;4;2.85
598;4;2.85
599;4;2.6
600;4;2.95
601;4;2.7
602;4;3.05
603;4;3.0
604;4;2.75
605;4;3.0
606;4;3.05
607;4;2.75
608;4;3.05
609;4;2.85
610;4;3.0
611;4;3.0
612;4;3.0
613;4;2.7
614;4;2.85
615;4;2.85
616;4;2.9
617;4;3.05
618;4;2.85
619;4;2.65
620;4;2.9
621;4;2.8
622;4;3.0
623;4;2.85
624;4;2.65
625;4;2.85
626;4;2.75
627;4;2.8
628;4;2.65
629;4;2.8
630;4;2.95
631;4;2.95
632;4;2.75
633;4;3.0
634;4;2.9
635;4;3.0
636;4;2.85
637;4;3.0
638;4;2.8
639;4;2.8
640;4;2.75
641;4;2.85
642;4;3.05
643;4;3.0
644;4;2.95
645;4;2.9
646;4;3.05
647;4;3.0
648;4;3.1
649;4;2.9
650;4;2.85
651;4;3.05
652;4;2.8
653;4;2.85
654;4;3.05
655;4;2.7
656;4;2.95
657;4;2.95
658;4;2.85
659;4;2.8
660;4;2.8
661;4;2.8
662;4;3.0
663;4;3.1
664;4;3.0
665;4;2.85
666;4;3.1
667;4;2.75
668;4;2.9
669;4;3.0
670;4;3.1
671;4;3.05
672;4;2.9
673;4;3.2
674;4;3.05
675;4;3.0
676;4;2.9
677;4;3.05
678;4;3.05
679;4;2.9
680;4;2.9
681;4;2.75
682;4;2.95
683;4;3.1
684;4;3.15
685;4;3.25
686;4;2.95
687;4;2.95
688;4;3.1
689;4;3.1
690;4;3.1
691;4;2.8
692;4;2.85
693;4;3.1
694;4;2.85
695;4;3.15
696;4;3.0
697;4;2.9
698;4;3.0
699;4;2.95
700;4;3.0
701;4;3.05
702;4;3.1
703;4;2.85
704;4;3.2
705;4;3.05
706;4;3.1
707;4;3.0
708;4;2.95
709;4;3.15
710;4;2.95
711;4;3.15
712;4;3.1
713;4;3.15
714;4;3.05
715;4;2.95
716;4;3.1
717;4;2.75
718;4;3.0
719;4;2.95
720;4;3.1
Meranie: 3
0;2;0.75
1;2;1.3
2;2;1.5
3;2;1.85
4;2;2.1
5;2;1.95
6;2;1.95
7;2;1.85
8;2;1.9
9;2;2.1
10;2;2.0
11;2;2.05
12;2;2.1
13;2;2.1
14;2;2.1
15;2;2.1
16;2;2.1
17;2;2.1
18;2;2.1
19;2;2.05
20;2;2.1
21;2;2.1
22;2;2.1
23;2;2.1
24;2;2.0
25;2;2.1
26;2;2.1
27;3;2.15
28;3;2.15
29;3;2.15
30;3;2.15
31;3;2.15
32;3;2.15
33;3;2.15
34;3;2.15
35;3;2.15
36;3;2.15
37;3;2.15
38;3;2.15
39;3;2.15
40;3;2.15
41;3;2.15
42;3;2.15
43;3;2.15
44;3;2.15
45;3;2.15
46;3;2.1
47;3;2.15
48;3;2.15
49;3;2.15
50;3;2.15
51;3;2.15
52;3;2.1
53;3;2.0
54;3;2.15
55;3;2.15
56;3;2.15
57;3;2.15
58;3;2.15
59;3;2.15
60;3;2.15
61;3;2.15
62;3;2.15
63;3;2.15
64;3;2.15
65;3;2.15
66;3;2.15
67;3;2.15
68;3;2.15
69;3;2.15
70;3;2.2
71;3;2.2
72;3;2.25
73;3;2.25
74;3;2.2
75;3;2.1
76;3;2.25
77;3;2.2
78;3;2.05
79;3;2.05
80;3;2.15
81;3;2.2
82;3;2.2
83;3;2.1
84;3;2.1
85;3;2.15
86;3;2.15
87;3;2.05
88;3;2.2
89;3;2.0
90;3;1.95
91;3;2.05
92;3;2.05
93;3;2.2
94;3;2.25
95;3;2.1
96;3;1.95
97;3;2.1
98;3;2.0
99;3;2.0
100;3;2.0
101;3;2.0
102;3;1.9
103;3;2.0
104;3;2.25
105;3;2.25
106;3;2.3
107;3;2.25
108;3;2.3
109;3;2.3
110;3;2.3
111;3;2.25
112;3;2.35
113;3;2.25
114;3;2.1
115;3;2.3
116;3;2.35
117;3;2.1
118;3;2.1
119;3;2.0
120;3;2.1
121;3;2.15
122;3;2.2
123;3;2.05
124;3;2.25
125;3;2.15
126;3;2.2
127;3;2.15
128;3;2.2
129;3;2.0
130;3;2.35
131;3;2.35
132;3;2.2
133;3;2.3
134;3;2.2
135;3;2.3
136;3;2.2
137;3;2.1
138;3;2.2
139;3;2.0
140;3;2.2
141;3;2.15
142;3;2.0
143;3;2.4
144;3;2.0
145;3;2.2
146;3;2.3
147;3;2.25
148;3;2.15
149;3;2.2
150;3;2.1
151;3;2.35
152;3;2.3
153;3;2.4
154;3;2.25
155;3;2.1
156;3;2.1
157;3;2.1
158;3;2.05
159;3;2.15
160;3;2.0
161;3;2.25
162;3;2.25
163;3;2.35
164;3;2.3
165;3;2.2
166;3;2.3
167;3;2.2
168;3;2.4
169;3;2.35
170;3;2.35
171;3;2.1
172;3;2.25
173;3;2.25
174;3;2.3
175;3;2.45
176;3;2.1
177;3;1.95
178;3;2.2
179;3;2.25
180;3;2.3
181;3;2.45
182;3;2.3
183;3;2.4
184;3;2.5
185;3;2.3
186;3;2.3
187;3;2.3
188;3;2.35
189;3;2.45
190;3;2.35
191;3;2.2
192;3;2.25
193;3;2.5
194;3;2.3
195;3;2.2
196;3;2.2
197;3;2.25
198;3;2.15
199;3;2.5
200;3;2.6
201;4;2.6
202;4;2.4
203;4;2.45
204;4;2.3
205;4;2.45
206;4;2.55
207;4;2.4
208;4;2.4
209;4;2.4
210;4;2.2
211;4;2.65
212;4;2.4
213;4;2.3
214;4;2.65
215;4;2.65
216;4;2.65
217;4;2.35
218;4;2.35
219;4;2.25
220;4;2.45
221;4;2.4
222;4;2.5
223;4;2.45
224;4;2.45
225;4;2.45
226;4;2.65
227;4;2.4
228;4;2.65
229;4;2.5
230;4;2.35
231;4;2.4
232;4;2.2
233;4;2.65
234;4;2.35
235;4;2.3
236;4;2.55
237;4;2.65
238;4;2.5
239;4;2.3
240;4;2.35
241;4;2.65
242;4;2.3
243;4;2.5
244;4;2.5
245;4;2.6
246;4;2.4
247;4;2.3
248;4;2.5
249;4;2.65
250;4;2.6
251;4;2.6
252;4;2.55
253;4;2.5
254;4;2.55
255;4;2.55
256;4;2.4
257;4;2.45
258;4;2.35
259;4;2.55
260;4;2.45
261;4;2.45
262;4;2.5
263;4;2.45
264;4;2.45
265;4;2.6
266;4;2.3
267;4;2.45
268;4;2.4
269;4;2.45
270;4;2.5
271;4;2.5
272;4;2.2
273;4;2.65
274;4;2.55
275;4;2.45
276;4;2.5
277;4;2.65
278;4;2.4
279;4;2.6
280;4;2.45
281;4;2.3
282;4;2.3
283;4;2.45
284;4;2.45
285;4;2.65
286;4;2.6
287;4;2.5
288;4;2.35
289;4;2.35
290;4;2.7
291;4;2.4
292;4;2.2
293;4;2.35
294;4;2.55
295;4;2.6
296;4;2.65
297;4;2.65
298;4;2.55
299;4;2.45
300;4;2.55
301;4;2.65
302;4;2.5
303;4;2.65
304;4;2.5
305;4;2.55
306;4;2.5
307;4;2.45
308;4;2.65
309;4;2.55
310;4;2.3
311;4;2.35
312;4;2.5
313;4;2.55
314;4;2.65
315;4;2.5
316;4;2.4
317;4;2.65
318;4;2.55
319;4;2.45
320;4;2.4
321;4;2.35
322;4;2.35
323;4;2.6
324;4;2.45
325;4;2.5
326;4;2.6
327;4;2.65
328;4;2.6
329;4;2.15
330;4;2.55
331;4;2.4
332;4;2.35
333;4;2.45
334;4;2.6
335;4;2.4
336;4;2.4
337;4;2.5
338;4;2.4
339;4;2.75
340;4;2.7
341;4;2.55
342;4;2.4
343;4;2.8
344;4;2.55
345;4;2.55
346;4;2.65
347;4;2.65
348;4;2.75
349;4;2.65
350;4;2.6
351;4;2.5
352;4;2.6
353;4;2.65
354;4;2.5
355;4;2.55
356;4;2.7
357;4;2.5
358;4;2.6
359;4;2.6
360;4;2.65
361;4;2.7
362;4;2.45
363;4;2.5
364;4;2.55
365;4;2.6
366;4;2.65
367;4;2.65
368;4;2.6
369;4;2.6
370;4;2.65
371;4;2.55
372;4;2.65
373;4;2.7
374;4;2.65
375;4;2.65
376;4;2.65
377;4;2.7
378;4;2.7
379;4;2.65
380;4;2.35
381;4;2.6
382;4;2.65
383;4;2.65
384;4;2.55
385;4;2.5
386;4;2.55
387;4;2.65
388;4;2.7
389;4;2.7
390;4;2.8
391;4;2.8
392;4;2.7
393;4;2.7
394;4;2.7
395;4;2.65
396;4;2.55
397;4;2.6
398;4;2.65
399;4;2.65
400;4;2.65
401;4;2.6
402;4;2.55
403;4;2.55
404;4;2.25
405;4;2.45
406;4;2.65
407;4;2.6
408;4;2.55
409;4;2.7
410;4;2.7
411;4;2.7
412;4;2.65
413;4;2.65
414;4;2.7
415;4;2.55
416;4;2.6
417;4;2.65
418;4;2.4
419;4;2.9
420;4;2.8
421;4;2.7
422;4;2.75
423;4;2.6
424;4;2.7
425;4;2.55
426;4;2.8
427;4;2.5
428;4;2.9
429;4;2.75
430;4;2.45
431;4;2.8
432;4;2.8
433;4;2.8
434;4;2.7
435;4;2.75
436;4;2.75
437;4;2.7
438;4;2.55
439;4;2.5
440;4;2.75
441;4;2.7
442;4;2.35
443;4;2.85
444;4;2.8
445;4;2.7
446;4;2.7
447;4;2.7
448;4;2.8
449;4;2.55
450;4;2.65
451;4;2.8
452;4;2.7
453;4;2.75
454;4;2.75
455;4;2.65
456;4;2.75
457;4;2.8
458;4;2.8
459;4;2.8
460;4;2.6
461;4;2.75
462;4;2.5
463;4;2.65
464;4;2.65
465;4;2.8
466;4;2.65
467;4;2.7
468;4;2.8
469;4;2.75
470;4;2.75
471;4;2.75
472;4;2.55
473;4;2.8
474;4;2.75
475;4;2.6
476;4;2.75
477;4;2.8
478;4;2.85
479;4;2.7
480;4;2.65
481;4;2.6
482;4;2.75
483;4;2.45
484;4;2.75
485;4;2.6
486;4;2.75
487;4;2.65
488;4;2.6
489;4;2.75
490;4;2.55
491;4;2.55
492;4;2.5
493;4;2.8
494;4;2.75
495;4;2.75
496;4;2.7
497;4;2.7
498;4;2.7
499;4;2.75
500;4;2.7
501;4;2.6
502;4;2.7
503;4;2.7
504;4;2.9
505;4;2.7
506;4;2.7
507;4;2.7
508;4;2.7
509;4;2.55
510;4;2.8
511;4;2.7
512;4;2.6
513;4;2.55
514;4;2.85
515;4;2.95
516;4;2.85
517;4;2.75
518;4;2.75
519;4;2.75
520;4;2.7
521;4;2.75
522;4;2.75
523;4;2.75
524;4;2.8
525;4;2.75
526;4;2.75
527;4;2.75
528;4;2.7
529;4;2.8
530;4;2.9
531;4;2.85
532;4;2.8
533;4;2.65
534;4;2.9
535;4;2.75
536;4;2.75
537;4;2.8
538;4;2.8
539;4;2.75
540;4;2.85
541;4;2.75
542;4;2.75
543;4;2.75
544;4;2.7
545;4;2.8
546;4;2.65
547;4;3.0
548;4;2.8
549;4;2.85
550;4;2.8
551;4;2.75
552;4;2.75
553;4;2.65
554;4;2.9
555;4;2.75
556;4;2.7
557;4;2.75
558;4;2.75
559;4;2.75
560;4;2.5
561;4;2.75
562;4;2.75
563;4;2.8
564;4;2.8
565;4;2.8
566;4;2.6
567;4;2.75
568;4;2.75
569;4;2.7
570;4;2.7
571;4;2.6
572;4;2.45
573;4;2.8
574;4;2.75
575;4;2.8
576;4;2.75
577;4;2.75
578;4;2.75
579;4;2.6
580;4;2.75
581;4;2.55
582;4;2.7
583;4;2.8
584;4;2.75
585;4;2.75
586;4;2.6
587;4;2.6
588;4;2.75
589;4;2.75
590;4;2.75
591;4;2.7
592;4;2.75
593;4;2.6
594;4;2.65
595;4;2.75
596;4;2.75
597;4;2.85
598;4;2.8
599;4;2.6
600;4;2.75
601;4;2.75
602;4;2.55
603;4;2.85
604;4;2.9
605;4;2.9
606;4;2.85
607;4;2.7
608;4;2.7
609;4;2.85
610;4;2.8
611;4;2.65
612;4;2.7
613;4;2.65
614;4;2.65
615;4;2.75
616;4;2.75
617;4;2.75
618;4;2.8
619;4;2.75
620;4;2.75
621;4;2.9
622;4;2.65
623;4;2.7
624;4;2.9
625;4;2.8
626;4;2.5
627;4;2.65
628;4;2.65
629;4;2.6
630;4;2.75
631;4;2.7
632;4;2.6
633;4;2.8
634;4;2.6
635;4;2.9
636;4;2.65
637;4;2.95
638;4;2.9
639;4;2.95
640;4;2.85
641;4;3.0
642;4;2.85
643;4;2.75
644;4;3.0
645;4;2.85
646;4;2.75
647;4;2.9
648;4;2.9
649;4;3.0
650;4;2.8
651;4;2.85
652;4;3.0
653;4;3.1
654;4;3.0
655;4;2.85
656;4;2.85
657;4;3.05
658;4;2.95
659;4;3.0
660;4;2.85
661;4;3.0
662;4;2.7
663;4;2.7
664;4;2.8
665;4;2.9
666;4;3.1
667;4;2.8
668;4;3.0
669;4;3.1
670;4;2.9
671;4;3.05
672;4;3.1
673;4;3.05
674;4;3.05
675;4;3.05
676;4;2.75
677;4;2.85
678;4;2.8
679;4;2.95
680;4;3.0
681;4;3.1
682;4;3.05
683;4;2.75
684;4;2.55
685;4;2.85
686;4;2.9
687;4;2.65
688;4;2.95
689;4;3.15
690;4;3.05
691;4;2.8
692;4;3.0
693;4;2.85
694;4;2.65
695;4;2.85
696;4;2.75
697;4;2.85
698;4;2.85
699;4;2.8
700;4;2.85
701;4;3.0
702;4;3.0
703;4;3.05
704;4;2.95
705;4;3.05
706;4;3.1
707;4;3.1
708;4;3.15
709;4;2.95
710;4;2.75
711;4;3.1
712;4;2.95
713;4;3.1
714;4;3.0
715;4;3.2
716;4;3.2
717;4;3.1
718;4;2.95
719;4;3.2
720;4;3.2
721;4;2.95
722;4;2.7
723;4;2.95
724;4;3.1
Meranie: 4
0;2;0.5
1;2;1.05
2;2;1.5
3;2;1.7
4;2;1.95
5;2;2.0
6;2;1.65
7;2;1.8
8;2;2.0
9;2;2.0
10;3;1.8
11;3;1.95
12;3;1.9
13;3;1.95
14;3;2.15
15;3;2.1
16;3;2.05
17;3;2.15
18;3;2.05
19;3;2.15
20;3;2.15
21;3;1.9
22;3;2.1
23;3;2.1
24;3;2.1
25;3;2.15
26;3;2.15
27;3;2.15
28;3;2.0
29;3;2.15
30;3;2.15
31;3;2.15
32;3;2.15
33;3;2.1
34;3;2.0
35;3;1.9
36;3;2.2
37;3;2.2
38;3;2.0
39;3;2.2
40;3;2.2
41;3;2.2
42;3;2.25
43;3;2.25
44;3;2.25
45;3;2.25
46;3;2.3
47;3;2.3
48;3;2.35
49;3;2.35
50;3;2.4
51;3;2.45
52;3;2.45
53;3;2.5
54;3;2.5
55;3;2.3
56;3;2.35
57;3;2.4
58;3;2.25
59;3;2.45
60;3;2.5
61;3;2.5
62;3;2.55
63;3;2.45
64;3;2.6
Meranie: 5
0;2;0.9
1;2;1.25
2;2;1.45
3;2;1.6
4;2;1.85
5;2;1.8
6;2;2.1
7;2;1.95
8;2;1.9
9;3;2.05
10;3;2.15
11;3;2.0
12;3;2.15
13;3;2.2
14;3;2.2
15;3;2.2
16;3;2.2
17;3;2.2
18;3;2.25
19;3;2.25
20;3;2.25
21;3;2.05
22;3;2.1
23;3;2.25
24;3;2.25
25;3;2.15
26;3;2.25
27;3;2.25
28;3;2.25
29;3;2.25
30;3;2.25
31;3;2.25
32;3;2.25
33;3;2.25
34;3;2.25
35;3;2.25
36;3;2.15
37;3;2.15
38;3;2.25
39;3;2.2
40;3;2.3
41;3;2.3
42;3;2.25
43;3;1.95
44;3;2.3
45;3;2.2
46;3;2.3
47;3;2.3
48;3;2.3
49;3;2.0
50;3;2.0
51;3;2.2
52;3;2.15
53;3;2.25
54;3;2.25
55;3;2.3
56;3;2.15
57;3;2.4
58;3;2.45
59;3;2.45
60;3;2.2
61;3;2.2
62;3;2.5
63;3;2.4
64;3;2.35
65;3;2.2
66;3;2.3
67;3;2.2
68;3;2.45
69;3;2.3
70;3;2.6
71;3;2.4
72;3;2.5
73;3;2.6
74;3;2.4
75;3;2.5
76;3;2.6
77;3;2.6
78;3;2.6
79;3;2.55
80;3;2.45
81;3;2.5
82;3;2.55
83;3;2.6
84;3;2.65
85;3;2.65
86;3;2.15
87;3;2.25
88;4;2.25
89;4;2.4
90;4;2.45
91;4;2.5
92;4;2.5
93;4;2.6
94;4;2.25
95;4;2.55
96;4;2.55
97;4;2.3
98;4;2.65
99;4;2.4
100;4;2.65
101;4;2.65
102;4;2.55
103;4;2.55
104;4;2.55
105;4;2.55
106;4;2.5
107;4;2.5
108;4;2.25
109;4;2.65
110;4;2.45
111;4;2.5
112;4;2.55
113;4;2.3
114;4;2.65
115;4;2.5
116;4;2.45
117;4;2.5
118;4;2.4
119;4;2.5
120;4;2.55
121;4;2.5
122;4;2.6
123;4;2.5
124;4;2.55
125;4;2.7
126;4;2.55
127;4;2.45
128;4;2.4
129;4;2.6
130;4;2.35
131;4;2.5
132;4;2.35
133;4;2.65
134;4;2.35
135;4;2.45
136;4;2.6
137;4;2.7
138;4;2.6
139;4;2.55
140;4;2.8
141;4;2.45
142;4;2.45
143;4;2.55
144;4;2.45
145;4;2.3
146;4;2.4
147;4;2.65
148;4;2.5
149;4;2.35
150;4;2.4
151;4;2.55
152;4;2.5
153;4;2.6
154;4;2.65
155;4;2.75
156;4;2.45
157;4;2.6
158;4;2.4
159;4;2.75
160;4;2.5
161;4;2.55
162;4;2.6
163;4;2.75
164;4;2.7
165;4;2.8
166;4;2.8
167;4;2.5
168;4;2.6
169;4;2.55
170;4;2.7
171;4;2.5
172;4;2.5
173;4;2.8
174;4;2.75
175;4;2.6
176;4;2.45
177;4;2.45
178;4;2.75
179;4;2.6
180;4;2.4
181;4;2.6
182;4;2.45
183;4;2.75
184;4;2.5
185;4;2.65
186;4;2.55
187;4;2.45
188;4;2.4
189;4;2.65
190;4;2.45
191;4;2.65
192;4;2.85
193;4;2.65
194;4;2.5
195;4;2.6
196;4;2.45
197;4;2.75
198;4;2.55
199;4;2.8
200;4;2.8
201;4;2.8
202;4;2.8
203;4;2.75
204;4;2.75
205;4;2.6
206;4;2.55
207;4;2.8
208;4;2.8
209;4;2.65
210;4;2.75
211;4;2.5
212;4;2.8
213;4;2.55
214;4;2.5
215;4;2.45
216;4;2.6
217;4;2.45
218;4;2.65
219;4;2.5
220;4;2.8
221;4;2.8
222;4;2.8
223;4;2.55
224;4;2.65
225;4;2.85
226;4;2.6
227;4;2.55
228;4;2.8
229;4;2.4
230;4;2.55
231;4;2.55
232;4;2.8
233;4;2.75
234;4;2.75
235;4;2.8
236;4;2.55
237;4;2.6
238;4;2.45
239;4;2.65
240;4;2.75
241;4;2.6
242;4;2.6
243;4;2.6
244;4;2.45
245;4;2.55
246;4;2.75
247;4;2.85
248;4;2.5
249;4;2.75
250;4;2.55
251;4;2.45
252;4;2.55
253;4;2.7
254;4;2.7
255;4;2.6
256;4;2.7
257;4;2.75
258;4;2.6
259;4;2.7
260;4;2.65
261;4;2.7
262;4;2.6
263;4;2.5
264;4;2.45
265;4;2.75
266;4;2.8
267;4;2.7
268;4;2.55
269;4;2.6
270;4;2.65
271;4;2.75
272;4;2.8
273;4;2.7
274;4;2.85
275;4;2.6
276;4;2.8
277;4;2.65
278;4;2.7
279;4;2.5
280;4;2.85
281;4;2.5
282;4;2.6
283;4;2.8
284;4;2.9
285;4;2.8
286;4;2.65
287;4;2.85
288;4;2.75
289;4;2.85
290;4;2.7
291;4;2.65
292;4;2.75
293;4;2.75
294;4;2.85
295;4;2.6
296;4;2.5
297;4;2.75
298;4;2.75
299;4;2.8
300;4;2.45
301;4;2.75
302;4;2.5
303;4;2.65
304;4;2.6
305;4;2.5
306;4;2.65
307;4;2.65
308;4;2.6
309;4;2.8
310;4;2.9
311;4;2.9
312;4;2.9
313;4;2.9
314;4;2.6
315;4;2.55
316;4;2.65
317;4;2.55
318;4;2.8
319;4;2.75
320;4;2.45
321;4;2.7
322;4;2.45
323;4;2.6
324;4;2.65
325;4;2.65
326;4;2.8
327;4;2.6
328;4;2.4
329;4;2.9
330;4;2.85
331;4;2.55
332;4;2.7
333;4;2.85
334;4;2.65
335;4;2.6
336;4;2.55
337;4;2.7
338;4;2.55
339;4;2.45
340;4;2.45
341;4;2.6
342;4;2.65
343;4;2.7
344;4;2.75
345;4;2.5
346;4;2.8
347;4;2.7
348;4;2.6
349;4;2.75
350;4;2.65
351;4;2.8
352;4;2.6
353;4;2.65
354;4;2.7
355;4;2.45
356;4;2.7
357;4;2.7
358;4;2.6
359;4;2.9
360;4;2.75
361;4;2.8
362;4;2.7
363;4;2.65
364;4;2.55
365;4;2.8
366;4;2.65
367;4;2.7
368;4;2.9
369;4;2.8
370;4;2.85
371;4;2.65
372;4;2.75
373;4;2.7
374;4;2.6
375;4;2.65
376;4;2.7
377;4;2.55
378;4;2.55
379;4;2.75
380;4;2.75
381;4;2.45
382;4;2.5
383;4;2.65
384;4;2.55
385;4;2.75
386;4;2.55
387;4;2.55
388;4;2.65
389;4;2.55
390;4;2.8
391;4;2.7
392;4;2.65
393;4;2.85
394;4;2.65
395;4;2.8
396;4;2.6
397;4;2.9
398;4;2.6
399;4;2.95
400;4;2.95
401;4;2.8
402;4;2.75
403;4;2.75
404;4;2.6
405;4;2.5
406;4;2.75
407;4;2.7
408;4;2.6
409;4;2.55
410;4;2.7
411;4;2.7
412;4;2.95
413;4;2.5
414;4;2.7
415;4;2.65
416;4;2.8
417;4;2.8
418;4;2.85
419;4;2.75
420;4;2.65
421;4;2.9
422;4;2.45
423;4;2.75
424;4;2.85
425;4;2.7
426;4;2.9
427;4;2.85
428;4;2.7
429;4;2.65
430;4;2.9
431;4;2.75
432;4;2.85
433;4;2.45
434;4;2.6
435;4;2.65
436;4;2.65
437;4;2.65
438;4;2.65
439;4;2.95
440;4;2.75
441;4;2.95
442;4;2.65
443;4;2.75
444;4;2.8
445;4;2.65
446;4;2.65
447;4;2.85
448;4;2.7
449;4;2.85
450;4;3.0
451;4;2.9
452;4;2.85
453;4;2.8
454;4;2.95
455;4;2.65
456;4;2.85
457;4;2.6
458;4;2.7
459;4;2.8
460;4;2.8
461;4;2.65
462;4;2.95
463;4;2.95
464;4;2.7
465;4;2.9
466;4;2.85
467;4;2.95
468;4;2.8
469;4;2.6
470;4;2.95
471;4;2.65
472;4;2.7
473;4;2.7
474;4;2.85
475;4;2.85
476;4;3.05
477;4;2.95
478;4;2.95
479;4;3.1
480;4;2.8
481;4;2.8
482;4;3.2
483;4;3.05
484;4;2.95
485;4;2.95
486;4;3.25
487;4;3.05
488;4;2.95
489;4;2.75
490;4;2.9
491;4;2.9
492;4;2.7
493;4;2.95
494;4;3.05
495;4;2.85
496;4;2.75
497;4;3.1
498;4;2.85
499;4;3.0
500;4;2.8
501;4;2.9
502;4;3.05
503;4;2.9
504;4;2.95
505;4;2.85
506;4;2.85
507;4;2.75
508;4;2.85
509;4;2.9
510;4;3.0
511;4;3.1
512;4;3.1
513;4;2.95
514;4;3.0
515;4;2.95
516;4;3.1
517;4;3.2
518;4;2.95
519;4;3.05
520;4;2.95
521;4;3.1
522;4;3.1
523;4;2.9
524;4;3.15
525;4;2.8
526;4;2.8
527;4;2.95
528;4;2.9
529;4;2.9
530;4;2.8
531;4;2.9
532;4;3.1
533;4;3.05
534;4;3.0
535;4;2.8
536;4;2.9
537;4;2.8
538;4;2.95
539;4;2.7
540;4;2.9
541;4;2.95
542;4;3.05
543;4;3.05
544;4;3.3
545;4;3.15
546;4;3.05
547;4;3.1
548;4;3.25
549;4;3.05
550;4;2.85
551;4;2.95
552;4;3.15
553;4;3.0
Meranie: 6
0;1;0.45
1;2;1.1
2;2;1.25
3;2;1.5
4;2;2.0
5;2;2.1
6;2;2.1
7;2;2.1
8;2;2.1
9;2;2.1
10;2;2.1
11;2;2.1
12;2;2.05
13;2;2.1
14;2;2.1
15;2;2.05
16;2;2.1
17;2;2.1
18;3;2.15
19;3;2.15
20;3;2.15
21;3;2.2
22;3;2.2
23;3;2.2
24;3;2.2
25;3;2.2
26;3;2.2
27;3;2.2
28;3;2.2
29;3;2.2
30;3;2.0
31;3;1.95
32;3;2.0
33;3;2.0
34;3;2.2
35;3;2.15
36;3;2.15
37;3;2.1
38;3;2.05
39;3;2.1
40;3;2.0
41;3;1.8
42;3;1.95
43;3;2.2
44;3;2.05
45;3;2.0
46;3;1.95
47;3;1.95
48;3;1.85
49;3;1.95
50;3;2.2
51;3;2.2
52;3;2.2
53;3;1.9
54;3;2.05
55;3;2.2
56;3;2.25
57;3;2.0
58;3;2.0
59;3;2.1
60;3;2.05
61;3;2.15
62;3;2.25
63;3;2.0
64;3;2.25
65;3;2.15
66;3;1.9
67;3;2.05
68;3;2.1
69;3;2.05
70;3;1.75
71;3;1.95
72;3;2.15
73;3;2.0
74;3;2.2
75;3;2.3
76;3;2.2
77;3;2.25
78;3;2.3
79;3;2.2
80;3;2.2
81;3;2.35
82;3;2.35
83;3;2.2
84;3;2.1
85;3;2.1
86;3;2.15
87;3;2.25
88;3;2.35
89;3;2.3
90;3;2.25
91;3;2.35
92;3;2.15
93;3;2.3
94;3;2.35
95;3;1.95
96;3;2.3
97;3;2.2
98;3;2.35
99;3;2.35
100;4;2.45
101;4;2.45
102;4;2.45
103;4;2.45
104;4;2.45
105;4;2.45
106;4;2.45
107;4;2.4
108;4;2.45
109;4;2.45
110;4;2.35
111;4;2.15
112;4;2.4
113;4;2.45
114;4;2.5
115;4;2.5
116;4;2.5
117;4;2.4
118;4;2.5
119;4;2.35
120;4;2.5
121;4;2.55
122;4;2.6
123;4;2.6
124;4;2.6
125;4;2.6
126;4;2.6
127;4;2.65
128;4;2.6
129;4;2.65
130;4;2.5
131;4;2.6
132;4;2.55
133;4;2.55
134;4;2.35
135;4;2.45
136;4;2.65
137;4;2.6
138;4;2.65
139;4;2.6
140;4;2.5
141;4;2.35
142;4;2.45
143;4;2.65
Meranie: 7
0;2;0.65
1;2;1.15
2;2;1.45
3;2;1.85
4;2;1.8
5;2;1.75
6;2;1.85
7;2;1.9
8;3;1.8
9;3;1.9
10;3;1.9
11;3;1.9
12;3;2.0
13;3;1.85
14;3;2.15
15;3;2.05
16;3;2.15
17;3;2.2
18;3;2.05
19;3;2.2
20;3;2.1
21;3;2.2
22;3;2.2
23;3;2.1
24;3;2.2
25;3;2.2
26;3;2.2
27;3;2.2
28;3;2.2
29;3;2.2
30;3;2.2
31;3;2.2
32;3;2.1
33;3;2.2
34;3;1.9
35;3;2.2
36;3;2.2
37;3;2.2
38;3;2.2
39;3;2.2
40;3;2.2
41;3;2.15
42;3;1.95
43;3;2.1
44;3;2.2
45;3;2.2
46;3;2.1
47;3;2.2
48;3;2.2
49;3;2.2
50;3;1.9
51;3;2.2
52;3;2.2
53;3;2.2
54;3;2.1
55;3;2.2
56;3;2.05
57;3;2.15
58;3;2.2
59;3;2.0
60;3;2.25
61;3;2.25
62;3;2.25
63;3;2.25
64;3;2.25
65;3;2.1
66;3;2.25
67;3;2.25
68;3;2.25
69;3;2.25
70;3;2.25
71;4;2.35
72;4;2.35
73;4;2.1
74;4;2.1
75;4;2.3
76;4;2.35
77;4;2.2
78;4;2.0
79;4;2.05
80;4;2.25
81;4;1.95
82;4;2.15
83;4;2.05
84;4;2.25
85;4;2.4
86;4;2.3
87;4;2.4
88;4;2.05
89;4;2.2
90;4;2.3
91;4;2.25
92;4;2.25
93;4;2.3
94;4;2.4
95;4;2.05
96;4;2.2
97;4;2.4
98;4;2.25
99;4;2.1
100;4;2.25
101;4;2.45
102;4;2.45
103;4;2.35
104;4;2.1
105;4;2.25
106;4;2.45
107;4;2.5
108;4;2.3
109;4;2.2
110;4;2.6
111;4;2.4
112;4;2.3
113;4;2.5
114;4;2.35
115;4;2.4
116;4;2.2
117;4;2.4
118;4;2.55
119;4;2.5
120;4;2.45
121;4;2.4
122;4;2.35
123;4;2.4
124;4;2.25
125;4;2.65
126;4;2.5
127;4;2.45
128;4;2.4
129;4;2.55
130;4;2.65
131;4;2.5
132;4;2.4
133;4;2.45
134;4;2.6
135;4;2.55
136;4;2.65
137;4;2.45
138;4;2.75
139;4;2.45
140;4;2.45
141;4;2.35
142;4;2.5
143;4;2.75
144;4;2.7
145;4;2.5
146;4;2.4
147;4;2.3
148;4;2.45
149;4;2.55
150;4;2.65
151;4;2.75
152;4;2.7
153;4;2.6
154;4;2.35
155;4;2.55
156;4;2.6
157;4;2.7
158;4;2.6
159;4;2.7
160;4;2.65
161;4;2.35
162;4;2.7
163;4;2.55
164;4;2.5
165;4;2.75
166;4;2.6
167;4;2.75
168;4;2.5
169;4;2.75
170;4;2.75
171;4;2.7
172;4;2.5
173;4;2.7
174;4;2.5
175;4;2.85
176;4;2.7
177;4;2.8
178;4;2.85
179;4;2.6
180;4;2.65
181;4;2.5
182;4;2.8
183;4;2.5
184;4;2.45
185;4;2.7
186;4;2.65
Meranie: 8
0;2;1.25
1;2;1.35
2;2;1.65
3;2;1.9
4;2;1.85
5;2;1.9
6;2;2.05
7;2;2.1
8;2;2.1
9;3;2.15
10;3;2.15
11;3;2.15
12;3;2.15
13;3;2.1
14;3;2.15
15;3;2.1
16;3;2.15
17;3;2.1
18;3;2.15
19;3;2.1
20;3;2.15
21;3;2.05
22;3;2.05
23;3;2.15
24;3;2.05
25;3;2.15
26;3;2.2
27;3;1.95
28;3;1.95
29;3;2.2
30;3;2.0
31;3;2.05
32;3;2.0
33;3;2.3
34;3;2.3
35;3;2.1
36;3;2.15
37;3;2.05
38;3;2.2
39;3;2.25
40;3;2.25
41;3;2.3
42;3;2.25
43;3;2.3
44;3;2.15
45;3;2.3
46;3;2.3
47;3;2.3
48;3;2.25
49;3;2.25
50;3;2.15
51;3;2.3
52;3;2.15
53;3;2.2
54;3;2.2
55;4;2.25
56;4;2.2
57;4;2.05
58;4;2.1
59;4;2.15
60;4;2.4
61;4;2.2
62;4;2.3
63;4;2.25
64;4;2.25
65;4;2.6
66;4;2.4
67;4;2.4
68;4;2.35
69;4;2.6
70;4;2.5
71;4;2.3
72;4;2.3
73;4;2.35
74;4;2.4
75;4;2.45
76;4;2.4
77;4;2.6
78;4;2.45
79;4;2.4
80;4;2.5
81;4;2.6
82;4;2.35
83;4;2.4
84;4;2.2
85;4;2.5
86;4;2.5
87;4;2.7
88;4;2.45
89;4;2.55
90;4;2.5
91;4;2.35
92;4;2.35
93;4;2.25
94;4;2.5
95;4;2.25
96;4;2.6
97;4;2.5
98;4;2.7
99;4;2.35
100;4;2.6
101;4;2.5
102;4;2.4
103;4;2.3
104;4;2.3
105;4;2.15
106;4;2.35
107;4;2.4
108;4;2.45
109;4;2.35
110;4;2.25
111;4;2.45
112;4;2.6
113;4;2.65
114;4;2.55
115;4;2.6
116;4;2.35
117;4;2.45
118;4;2.5
119;4;2.6
120;4;2.5
121;4;2.25
122;4;2.3
123;4;2.5
124;4;2.7
125;4;2.45
126;4;2.35
127;4;2.35
128;4;2.65
129;4;2.45
130;4;2.3
131;4;2.7
132;4;2.35
133;4;2.3
134;4;2.3
135;4;2.4
136;4;2.35
137;4;2.35
138;4;2.55
139;4;2.55
140;4;2.6
141;4;2.3
142;4;2.65
143;4;2.4
144;4;2.55
145;4;2.45
146;4;2.65
147;4;2.55
148;4;2.7
149;4;2.4
150;4;2.4
151;4;2.75
152;4;2.45
153;4;2.6
154;4;2.6
155;4;2.45
156;4;2.5
157;4;2.35
158;4;2.6
159;4;2.6
160;4;2.4
161;4;2.6
162;4;2.35
163;4;2.4
164;4;2.5
165;4;2.55
166;4;2.7
167;4;2.5
168;4;2.35
169;4;2.65
170;4;2.35
171;4;2.25
172;4;2.6
173;4;2.5
174;4;2.45
175;4;2.45
176;4;2.7
177;4;2.3
178;4;2.45
179;4;2.4
180;4;2.65
181;4;2.65
182;4;2.45
183;4;2.45
184;4;2.75
185;4;2.5
186;4;2.35
187;4;2.55
188;4;2.4
189;4;2.6
190;4;2.6
191;4;2.45
192;4;2.3
193;4;2.35
194;4;2.4
195;4;2.35
196;4;2.55
197;4;2.45
198;4;2.7
199;4;2.65
200;4;2.55
201;4;2.55
202;4;2.7
203;4;2.75
204;4;2.4
205;4;2.6
206;4;2.4
207;4;2.4
208;4;2.6
209;4;2.5
210;4;2.7
211;4;2.6
212;4;2.4
213;4;2.7
214;4;2.45
215;4;2.6
216;4;2.55
217;4;2.8
218;4;2.4
219;4;2.8
220;4;2.8
221;4;2.4
222;4;2.65
223;4;2.75
224;4;2.65
225;4;2.65
226;4;2.65
227;4;2.8
228;4;2.5
229;4;2.55
230;4;2.5
231;4;2.8
232;4;2.6
233;4;2.75
234;4;2.7
235;4;2.5
236;4;2.3
237;4;2.55
238;4;2.6
239;4;2.6
240;4;2.45
241;4;2.75
242;4;2.65
243;4;2.6
244;4;2.55
245;4;2.9
246;4;2.65
247;4;2.65
248;4;2.4
249;4;2.7
250;4;2.75
251;4;2.9
252;4;2.65
253;4;2.5
254;4;2.55
255;4;2.65
256;4;2.7
257;4;2.8
258;4;2.5
259;4;2.55
260;4;2.6
261;4;2.5
262;4;2.8
263;4;2.85
264;4;2.6
265;4;2.45
266;4;2.55
267;4;2.8
268;4;2.45
269;4;2.7
270;4;2.6
271;4;2.35
272;4;2.75
273;4;2.5
274;4;2.55
275;4;2.8
276;4;2.65
277;4;2.75
278;4;2.65
279;4;2.4
280;4;2.7
281;4;2.7
282;4;2.4
283;4;2.6
284;4;2.5
285;4;2.6
286;4;2.7
287;4;2.35
288;4;2.65
289;4;2.35
290;4;2.65
291;4;2.4
292;4;2.5
293;4;2.45
294;4;2.45
295;4;2.7
296;4;2.55
297;4;2.55
298;4;2.5
299;4;2.55
300;4;2.45
301;4;2.5
302;4;2.4
303;4;2.5
304;4;2.45
305;4;2.65
306;4;2.5
307;4;2.45
308;4;2.75
309;4;2.6
310;4;2.9
311;4;2.95
312;4;2.9
313;4;2.5
314;4;2.75
315;4;2.95
316;4;2.85
317;4;2.9
318;4;3.15
319;4;3.0
320;4;2.65
321;4;2.8
322;4;2.95
323;4;2.85
324;4;2.95
325;4;2.9
326;4;2.95
327;4;3.2
328;4;2.85
329;4;2.8
330;4;3.25
331;4;3.1
332;4;3.0
333;4;2.8
334;4;3.15
335;4;2.8
336;4;3.05
337;4;3.15
338;4;3.0
339;4;3.15
340;4;3.35
341;4;3.15
342;4;2.8
343;4;2.9
344;4;3.4
345;4;3.1
346;4;3.15
347;4;3.05
348;4;2.9
349;4;3.1
350;4;3.25
351;4;3.2
352;4;3.3
353;4;3.25
354;4;2.95
355;4;3.0
356;4;3.1
357;4;3.2
358;4;3.0
359;4;2.95
360;4;3.0
361;4;2.95
362;4;2.75
363;4;3.05
364;4;3.0
365;4;3.35
366;4;3.2
367;4;2.75
368;4;2.8
369;4;3.05
370;4;3.1
371;4;3.4
372;4;3.1
373;4;2.75
374;4;3.0
375;4;3.0
376;4;3.3
377;4;3.1
378;4;2.95
379;4;2.85
380;4;3.25
381;4;3.0
382;4;2.85
383;4;3.0
384;4;2.95
385;4;3.4
386;4;3.0
387;4;3.2
388;4;3.35
389;4;3.0
390;4;3.35
391;4;2.95
392;4;3.1
393;4;3.05
394;4;2.9
395;4;3.15
396;4;3.3
397;4;3.15
398;4;2.85
399;4;3.25
400;4;3.35
401;4;3.35
402;4;3.35
403;4;3.05
404;4;3.0
405;4;3.15
406;4;3.05
407;4;3.15
408;4;3.2
409;4;2.8
410;4;2.8
411;4;3.45
412;4;3.25
413;4;3.2
414;4;3.45
415;4;3.35
416;4;3.0
417;4;3.3
418;4;3.25
419;4;3.05
420;4;3.1
421;4;3.35
422;4;3.1
423;4;3.2
424;4;2.85
425;4;3.1
426;4;3.05
427;4;3.2
Meranie: 9
0;1;0.7
1;2;1.3
2;2;1.55
3;2;1.85
4;2;1.65
5;2;2.1
6;2;2.1
7;2;2.1
8;2;1.95
9;2;2.1
10;2;1.9
11;2;2.0
12;2;2.1
13;2;2.1
14;2;2.05
15;2;2.05
16;2;2.1
17;2;1.9
18;2;2.1
19;2;2.1
20;2;2.1
21;2;2.05
22;2;2.1
23;2;2.1
24;2;2.1
25;2;2.1
26;2;2.1
27;2;2.1
28;2;2.1
29;3;2.15
30;3;2.15
31;3;2.15
32;3;2.15
33;3;2.15
34;3;2.15
35;3;2.15
36;3;2.15
37;3;2.15
38;3;2.15
39;3;2.15
40;3;2.15
41;3;2.15
42;3;2.2
43;3;2.2
44;3;2.2
45;3;2.2
46;3;2.2
47;3;2.2
48;3;2.2
49;3;2.2
50;3;2.2
51;3;2.2
52;3;2.2
53;3;2.25
54;3;2.3
55;3;2.3
56;3;2.3
57;3;2.3
58;3;2.3
59;3;2.3
60;3;2.3
61;3;2.3
62;3;2.3
63;3;2.3
64;3;2.3
65;3;2.3
66;3;2.3
67;3;2.3
68;3;2.3
69;3;2.3
70;3;2.3
71;3;2.3
72;3;2.3
73;3;2.3
74;3;2.3
75;3;2.3
76;3;2.3
77;3;2.3
78;3;2.3
79;3;2.35
80;3;2.35
81;3;2.35
82;3;2.4
83;3;2.4
84;3;2.35
85;3;2.45
86;3;2.45
87;3;2.45
88;3;2.35
89;3;2.5
90;3;2.45
91;3;2.5
92;3;2.4
93;3;2.45
94;3;2.6
95;3;2.6
96;3;2.6
97;3;2.6
98;3;2.5
99;4;2.75
100;4;2.65
101;4;2.45
102;4;2.7
103;4;2.65
104;4;2.65
105;4;2.7
106;4;2.55
107;4;2.4
108;4;2.65
109;4;2.65
110;4;2.45
111;4;2.55
112;4;2.65
113;4;2.65
114;4;2.55
115;4;2.6
116;4;2.4
117;4;2.6
118;4;2.45
119;4;2.65
120;4;2.55
121;4;2.55
122;4;2.7
123;4;2.55
124;4;2.45
125;4;2.65
126;4;2.7
127;4;2.7
128;4;2.7
129;4;2.5
130;4;2.7
131;4;2.6
132;4;2.65
133;4;2.8
134;4;2.6
135;4;2.6
136;4;2.7
137;4;2.7
138;4;2.75
139;4;2.6
140;4;2.7
141;4;2.7
142;4;2.65
143;4;2.7
144;4;2.55
145;4;2.75
146;4;2.9
147;4;2.75
148;4;2.75
149;4;2.55
150;4;2.45
151;4;2.65
152;4;2.5
153;4;2.5
154;4;2.7
155;4;2.8
156;4;2.75
157;4;2.65
158;4;2.5
159;4;2.7
160;4;2.7
161;4;2.8
162;4;2.55
163;4;2.75
164;4;2.65
165;4;2.5
166;4;2.55
167;4;2.75
168;4;2.75
169;4;2.75
170;4;2.6
171;4;2.6
172;4;2.75
173;4;2.75
174;4;2.6
175;4;2.75
176;4;2.85
177;4;2.45
178;4;2.75
179;4;2.65
180;4;2.8
181;4;2.9
182;4;2.75
183;4;2.55
184;4;2.75
185;4;2.7
186;4;2.65
187;4;2.7
188;4;2.9
189;4;2.5
190;4;2.75
191;4;2.85
192;4;2.75
193;4;2.8
194;4;2.85
195;4;2.85
196;4;2.6
197;4;2.8
198;4;2.85
199;4;2.75
200;4;2.75
201;4;2.75
202;4;2.75
203;4;2.75
204;4;2.75
205;4;2.6
206;4;2.65
207;4;2.75
208;4;2.75
209;4;2.85
210;4;2.75
211;4;2.75
212;4;2.75
213;4;2.75
214;4;2.65
215;4;2.75
216;4;2.75
217;4;2.8
218;4;2.75
219;4;2.8
220;4;2.85
221;4;2.8
222;4;2.85
223;4;2.7
224;4;2.5
225;4;2.5
226;4;2.8
227;4;2.8
228;4;2.6
229;4;2.75
230;4;2.85
231;4;2.6
232;4;2.75
233;4;2.7
234;4;2.8
235;4;2.9
236;4;2.6
237;4;2.8
238;4;2.8
239;4;2.85
240;4;2.95
241;4;2.85
242;4;2.85
243;4;2.95
244;4;2.7
245;4;2.75
246;4;2.85
247;4;2.85
248;4;2.8
249;4;2.85
250;4;2.8
251;4;3.0
252;4;2.9
253;4;2.8
254;4;2.85
255;4;2.7
256;4;2.75
257;4;2.85
258;4;2.8
259;4;2.95
260;4;2.95
261;4;2.7
262;4;2.85
263;4;3.05
264;4;2.7
265;4;2.65
266;4;2.9
267;4;3.05
268;4;2.95
269;4;2.95
270;4;2.95
271;4;2.95
272;4;2.9
273;4;3.05
274;4;2.9
275;4;3.0
276;4;2.85
277;4;3.0
278;4;2.8
279;4;2.8
280;4;3.0
281;4;2.9
282;4;2.75
283;4;2.9
284;4;2.95
285;4;2.9
286;4;3.1
287;4;3.0
288;4;3.05
289;4;3.25
290;4;3.1
Meranie: 10
0;2;0.8
1;2;1.4
2;2;1.5
3;2;1.75
4;2;1.85
5;2;1.65
6;2;1.9
7;2;2.05
8;2;1.9
9;2;2.0
10;2;2.1
11;2;2.1
12;2;1.95
13;2;2.1
14;2;2.0
15;2;2.1
16;2;1.95
17;2;2.05
18;2;2.1
19;2;2.1
20;3;2.0
21;3;2.15
22;3;2.05
23;3;1.95
24;4;2.25
25;4;2.15
26;4;2.25
27;4;2.25
28;4;2.25
29;4;2.3
30;4;2.3
31;4;2.3
32;4;2.3
33;4;2.3
34;4;2.3
35;4;2.3
36;4;2.3
37;4;2.35
38;4;2.35
39;4;2.35
40;4;2.35
41;4;2.35
42;4;2.25
43;4;2.4
44;4;2.5
45;4;2.5
46;4;2.35
47;4;2.5
48;4;2.5
49;4;2.4
50;4;2.2
51;4;2.45
52;4;2.45
53;4;2.5
54;4;2.5
55;4;2.55
56;4;2.5
57;4;2.55
58;4;2.5
59;4;2.55
60;4;2.55
61;4;2.35
62;4;2.3
63;4;2.3
64;4;2.4
65;4;2.65
66;4;2.55
67;4;2.5
68;4;2.3
69;4;2.7
70;4;2.4
71;4;2.65
72;4;2.65
73;4;2.5
74;4;2.45
75;4;2.7
76;4;2.55
77;4;2.55
78;4;2.45
79;4;2.4
80;4;2.35
81;4;2.55
82;4;2.45
83;4;2.6
84;4;2.65
85;4;2.7
86;4;2.5
87;4;2.5
88;4;2.8
89;4;2.7
90;4;2.7
91;4;2.45
92;4;2.55
93;4;2.7
94;4;2.75
95;4;2.75
96;4;2.6
97;4;2.75
98;4;2.75
99;4;2.85
100;4;2.7
101;4;2.7
102;4;2.85
103;4;2.9
104;4;2.9
105;4;2.7
106;4;2.6
107;4;2.7
108;4;2.85
109;4;2.7
110;4;2.75
111;4;2.9
112;4;2.65
113;4;2.55
114;4;2.7
115;4;2.8
116;4;2.7
117;4;2.6
118;4;2.7
119;4;2.7
120;4;2.7
121;4;2.7
122;4;2.8
123;4;2.75
124;4;2.7
125;4;2.75
126;4;2.8
127;4;2.75
128;4;2.8
129;4;2.95
130;4;2.8
131;4;2.85
132;4;2.9
133;4;2.8
134;4;2.65
135;4;2.95
136;4;2.85
137;4;2.8
138;4;2.85
139;4;2.7
140;4;2.75
141;4;2.7
142;4;2.75
143;4;2.8
144;4;2.75
145;4;2.7
146;4;2.75
147;4;2.85
148;4;2.75
149;4;2.75
150;4;2.7
151;4;2.85
152;4;2.85
153;4;2.75
154;4;2.7
155;4;2.75
156;4;2.8
157;4;2.85
158;4;2.8
159;4;2.7
160;4;2.8
161;4;2.7
162;4;2.85
163;4;2.7
164;4;2.75
165;4;2.8
166;4;2.7
167;4;2.75
168;4;2.7
169;4;2.75
170;4;2.75
171;4;2.7
172;4;2.7
173;4;2.7
174;4;2.8
175;4;2.8
176;4;2.75
177;4;2.7
178;4;2.8
179;4;2.75
180;4;2.6
181;4;2.8
182;4;2.8
183;4;2.8
184;4;2.8
185;4;2.85
186;4;2.75
187;4;2.75
188;4;2.75
189;4;3.0
190;4;2.85
191;4;2.85
192;4;2.7
193;4;2.95
194;4;2.8
195;4;2.75
196;4;2.8
197;4;2.65
198;4;2.8
199;4;2.8
200;4;2.7
201;4;2.7
202;4;2.75
203;4;2.8
204;4;2.8
205;4;2.75
206;4;2.6
207;4;2.7
208;4;2.7
209;4;2.7
210;4;2.75
211;4;2.75
212;4;2.6
213;4;2.8
214;4;2.8
215;4;2.75
216;4;2.7
217;4;2.8
218;4;2.8
219;4;2.8
220;4;2.75
221;4;2.75
222;4;2.8
223;4;2.75
224;4;2.8
225;4;2.75
226;4;2.7
227;4;2.7
228;4;2.7
229;4;2.75
230;4;2.8
231;4;2.8
232;4;2.8
233;4;2.75
234;4;2.85
235;4;2.8
236;4;2.8
237;4;2.85
238;4;2.85
239;4;2.85
240;4;2.7
241;4;2.6
242;4;2.8
243;4;2.85
244;4;2.8
245;4;2.95
246;4;2.8
247;4;2.8
248;4;2.7
249;4;2.8
250;4;2.75
251;4;2.75
252;4;2.75
253;4;2.75
254;4;2.85
255;4;2.7
256;4;2.75
257;4;2.85
258;4;2.8
259;4;2.9
260;4;2.85
261;4;2.75
262;4;2.7
263;4;2.75
264;4;2.7
265;4;2.85
266;4;2.75
267;4;2.8
268;4;2.85
269;4;2.85
270;4;2.7
271;4;2.75
272;4;2.75
273;4;2.7
274;4;2.75
275;4;2.75
276;4;2.8
277;4;2.8
278;4;2.85
279;4;2.7
280;4;2.7
281;4;2.8
282;4;2.75
283;4;2.8
284;4;2.8
285;4;2.75
286;4;2.7
287;4;2.75
288;4;2.8
289;4;2.7
290;4;2.75
291;4;2.8
292;4;2.7
293;4;2.7
294;4;2.7
295;4;2.9
296;4;2.8
297;4;2.75
298;4;2.8
299;4;2.8
300;4;2.8
301;4;2.7
302;4;2.75
303;4;2.75
304;4;2.6
305;4;2.7
306;4;2.8
307;4;2.8
308;4;2.75
309;4;2.75
310;4;2.7
311;4;2.6
312;4;2.75
313;4;2.7
314;4;2.8
315;4;2.8
316;4;2.75
317;4;2.75
318;4;2.85
319;4;2.7
320;4;2.75
321;4;2.8
322;4;2.7
323;4;2.7
324;4;2.75
325;4;2.75
326;4;2.75
327;4;2.7
328;4;2.75
329;4;2.8
330;4;2.8
331;4;2.7
332;4;2.75
333;4;2.7
334;4;2.7
335;4;2.8
336;4;2.7
337;4;2.85
338;4;2.85
339;4;2.7
340;4;2.85
341;4;2.7
342;4;2.75
343;4;2.7
344;4;2.8
345;4;2.75
346;4;2.75
347;4;2.85
348;4;2.7
349;4;2.75
350;4;2.8
351;4;2.75
352;4;2.55
353;4;2.8
354;4;2.8
355;4;2.75
356;4;2.75
357;4;2.75
358;4;2.7
359;4;2.7
360;4;2.75
361;4;2.75
362;4;2.8
363;4;2.75
364;4;2.7
365;4;2.75
366;4;2.8
367;4;2.75
368;4;2.75
369;4;2.75
370;4;2.7
371;4;2.75
372;4;2.8
373;4;2.7
374;4;2.75
375;4;2.8
376;4;2.7
377;4;2.65
378;4;2.7
379;4;2.8
380;4;2.75
381;4;2.7
382;4;2.75
383;4;2.75
384;4;2.75
385;4;2.7
386;4;2.7
387;4;2.75
388;4;2.75
389;4;2.55
390;4;2.75
391;4;2.7
392;4;2.75
393;4;2.7
394;4;2.55
395;4;2.7
396;4;2.7
397;4;2.7
398;4;2.7
399;4;2.7
400;4;2.85
401;4;2.75
402;4;2.8
403;4;2.75
404;4;2.7
405;4;2.65
406;4;2.6
407;4;2.55
408;4;2.7
409;4;2.55
410;4;2.7
411;4;2.7
412;4;2.7
413;4;2.75
414;4;2.75
415;4;2.7
416;4;2.7
417;4;2.8
418;4;2.8
419;4;2.8
420;4;2.75
421;4;2.9
422;4;2.75
423;4;2.85
424;4;2.8
425;4;2.85
426;4;2.85
427;4;2.75
428;4;2.6
429;4;2.75
430;4;2.8
431;4;2.8
432;4;2.75
433;4;2.75
434;4;2.65
435;4;2.85
436;4;2.75
437;4;2.8
438;4;2.8
439;4;2.8
440;4;2.75
441;4;2.8
442;4;2.8
443;4;2.8
444;4;2.75
445;4;2.65
446;4;2.85
447;4;2.7
448;4;2.75
449;4;2.8
450;4;2.75
451;4;2.75
452;4;2.9
453;4;2.75
454;4;2.9
455;4;2.85
456;4;2.75
457;4;2.85
458;4;2.8
459;4;2.8
460;4;2.8
461;4;2.65
462;4;2.8
463;4;2.6
464;4;2.8
465;4;2.85
466;4;2.85
467;4;2.9
468;4;2.8
469;4;2.75
470;4;2.75
471;4;2.9
472;4;2.8
473;4;2.8
474;4;2.75
475;4;2.75
476;4;2.75
477;4;2.75
478;4;2.8
479;4;2.8
480;4;2.85
481;4;2.75
482;4;2.8
483;4;2.75
484;4;2.7
485;4;2.8
486;4;2.75
487;4;3.0
488;4;2.95
489;4;2.75
490;4;2.8
491;4;2.75
492;4;2.5
493;4;2.45
494;4;2.5
495;4;2.7
496;4;2.6
497;4;2.65
498;4;2.95
499;4;2.85
500;4;2.8
501;4;2.85
502;4;2.75
503;4;2.6
504;4;2.75
505;4;2.8
506;4;2.85
507;4;2.65
508;4;2.75
509;4;2.75
510;4;2.85
511;4;2.8
512;4;2.75
513;4;2.75
514;4;2.75
515;4;2.8
516;4;2.65
517;4;2.75
518;4;2.8
519;4;2.75
520;4;2.75
521;4;2.85
522;4;2.75
523;4;2.75
524;4;2.75
525;4;2.6
526;4;2.65
527;4;2.75
528;4;2.75
529;4;2.75
530;4;2.75
531;4;2.9
532;4;2.65
533;4;2.75
534;4;2.65
535;4;2.85
536;4;2.85
537;4;2.7
538;4;2.65
539;4;2.75
540;4;2.7
541;4;2.8
542;4;2.85
543;4;2.65
544;4;2.85
545;4;2.8
546;4;2.65
547;4;2.75
548;4;2.85
549;4;2.65
550;4;2.85
551;4;2.85
552;4;2.85
553;4;2.9
554;4;2.9
555;4;2.75
556;4;2.8
557;4;2.8
558;4;2.8
559;4;2.85
560;4;2.85
561;4;2.9
562;4;2.9
563;4;2.55
564;4;2.8
565;4;2.75
566;4;2.75
567;4;2.85
568;4;2.8
569;4;2.85
570;4;2.85
571;4;2.85
572;4;2.75
573;4;2.75
574;4;2.75
575;4;2.75
576;4;2.85
577;4;2.85
578;4;2.8
579;4;2.8
580;4;2.75
581;4;2.65
582;4;2.5
583;4;2.9
584;4;2.8
585;4;2.75
586;4;2.85
587;4;2.8
588;4;2.8
589;4;2.65
590;4;2.8
591;4;2.8
592;4;2.85
593;4;2.8
594;4;2.75
595;4;2.75
596;4;2.9
597;4;2.6
598;4;2.6
599;4;2.9
600;4;2.75
601;4;2.8
602;4;2.8
603;4;2.75
604;4;2.8
605;4;2.75
606;4;2.85
607;4;2.75
608;4;2.75
609;4;2.9
610;4;2.85
611;4;2.8
612;4;2.8
613;4;2.8
614;4;2.75
615;4;2.75
616;4;2.75
617;4;2.8
618;4;2.95
619;4;2.8
620;4;2.85
621;4;2.8
622;4;2.9
623;4;2.75
624;4;2.85
625;4;2.85
626;4;2.85
627;4;2.8
628;4;2.75
629;4;2.8
630;4;2.8
631;4;2.75
632;4;2.75
633;4;2.65
634;4;2.75
635;4;2.95
636;4;2.7
637;4;2.8
638;4;2.8
639;4;2.8
640;4;2.75
641;4;2.75
642;4;2.85
643;4;2.8
644;4;2.8
645;4;2.7
646;4;2.85
647;4;2.85
648;4;2.75
649;4;2.85
650;4;2.8
651;4;2.95
652;4;2.75
653;4;2.75
654;4;2.9
655;4;2.65
656;4;2.65
657;4;2.85
658;4;2.75
659;4;2.75
660;4;2.85
661;4;2.8
662;4;2.8
663;4;2.95
664;4;2.8
665;4;2.75
666;4;2.75
667;4;2.75
668;4;2.8
669;4;2.65
Meranie: 11
0;2;1.15
1;2;1.35
2;2;1.65
3;2;1.7
4;2;1.75
5;2;1.85
6;3;1.95
7;3;2.0
8;3;1.85
9;3;2.2
10;3;1.9
11;3;2.0
12;3;1.95
13;3;1.95
14;3;2.1
15;3;1.9
16;3;2.15
17;3;2.2
18;3;1.95
19;3;1.8
20;3;2.2
21;3;2.15
22;3;2.1
23;3;2.0
24;3;1.85
25;3;1.8
26;3;2.0
27;3;2.2
28;3;2.15
29;3;2.0
30;3;2.0
31;3;2.2
32;3;2.0
33;3;2.1
34;3;2.25
35;3;2.25
36;3;2.15
37;3;2.15
38;3;2.25
39;3;2.25
40;3;2.25
41;3;2.25
42;3;2.25
43;3;2.25
44;3;2.0
45;3;2.2
46;3;2.3
47;3;2.3
48;3;1.85
49;3;2.3
50;3;2.15
51;3;2.15
52;3;2.15
53;3;2.35
54;3;2.25
55;3;2.25
56;3;2.25
57;3;2.35
58;3;2.15
59;3;2.15
60;3;2.35
61;3;2.4
62;3;2.4
63;3;2.4
64;3;2.35
65;3;2.4
66;3;2.35
67;3;2.5
68;3;2.25
69;3;2.4
70;3;2.4
71;3;2.45
72;3;2.5
73;3;2.3
74;3;2.5
75;3;2.55
76;3;2.45
77;3;2.4
78;3;2.4
79;3;2.4
80;3;2.5
81;3;2.45
82;3;2.15
83;3;2.35
84;3;2.45
85;3;2.35
86;3;2.55
87;3;2.55
88;3;2.55
89;3;2.25
90;3;2.4
91;3;2.4
92;3;2.35
93;3;2.35
94;3;2.45
95;3;2.55
96;3;2.6
97;4;2.65
98;4;2.35
99;4;2.65
100;4;2.75
101;4;2.75
102;4;2.75
103;4;2.7
104;4;2.7
105;4;2.8
106;4;2.85
107;4;2.55
108;4;2.6
109;4;2.7
110;4;2.7
111;4;2.4
112;4;2.55
113;4;2.75
114;4;2.6
115;4;2.5
116;4;2.5
117;4;2.65
118;4;2.65
119;4;2.6
120;4;2.6
121;4;2.75
122;4;2.8
123;4;2.95
124;4;2.7
125;4;2.75
126;4;2.75
127;4;2.75
128;4;2.7
129;4;2.7
130;4;2.95
131;4;2.9
132;4;2.7
133;4;2.8
Meranie: 12
0;2;0.85
1;2;1.25
2;2;1.35
3;2;1.45
4;2;1.9
5;2;2.05
6;2;2.1
7;2;1.85
8;2;1.85
9;2;1.85
10;2;2.1
11;2;2.05
12;2;1.8
13;2;2.1
14;2;2.1
15;2;2.1
16;2;1.95
17;2;2.0
18;2;2.1
19;2;2.1
20;2;2.1
21;2;1.95
22;2;2.1
23;2;1.95
24;2;2.1
25;2;2.1
26;2;2.1
27;2;2.1
28;2;2.1
29;2;2.1
30;2;2.1
31;2;2.05
32;3;2.15
33;3;1.9
34;3;2.1
35;3;1.95
36;3;2.2
37;3;2.2
38;3;2.2
39;3;2.2
40;3;2.2
41;3;2.2
42;3;2.2
43;3;2.2
44;3;2.2
45;3;2.2
46;3;2.2
47;3;2.1
48;3;2.2
49;3;2.2
50;3;2.2
51;3;2.1
52;3;2.1
53;3;2.2
54;3;2.2
55;3;1.95
56;3;2.2
57;3;2.2
58;3;2.25
59;3;2.25
60;3;2.2
61;3;2.25
62;3;2.25
63;3;2.25
64;3;2.25
65;3;2.25
66;3;2.25
67;3;2.05
68;3;2.25
69;3;2.15
70;3;2.15
71;3;2.3
72;3;2.35
73;3;2.3
74;3;2.3
75;3;2.25
76;4;2.5
77;4;2.6
78;4;2.6
79;4;2.45
80;4;2.45
81;4;2.25
82;4;2.6
83;4;2.6
84;4;2.5
Meranie: 13
0;2;1.15
1;2;1.35
2;2;1.55
3;2;1.85
4;2;2.05
5;2;2.0
6;2;1.95
7;2;1.85
8;2;1.7
9;2;1.8
10;2;1.9
11;2;1.8
12;2;1.8
13;2;1.9
14;2;1.8
15;2;1.9
16;2;2.1
17;2;1.95
18;2;2.1
19;2;1.95
20;2;2.05
21;2;2.1
22;2;2.05
23;2;2.1
24;2;2.1
25;3;2.15
26;3;2.15
27;3;2.15
28;3;2.15
29;3;2.15
30;3;2.15
31;3;2.15
32;3;2.15
33;3;2.15
34;3;2.15
35;3;2.15
36;3;2.15
37;3;2.15
38;3;2.15
39;3;2.15
40;3;2.15
41;3;2.15
42;3;2.15
43;3;2.15
44;3;2.15
45;3;2.2
46;3;2.2
47;3;2.2
48;3;2.2
49;3;2.25
50;3;2.25
51;3;2.25
52;3;2.2
53;3;2.25
54;3;2.15
55;3;2.15
56;3;2.25
57;3;2.35
58;3;2.4
59;3;2.4
60;3;2.45
61;3;2.45
62;3;2.45
63;3;2.45
64;3;2.45
65;3;2.4
66;3;2.45
67;3;2.2
68;4;2.55
69;4;2.5
70;4;2.6
71;4;2.55
72;4;2.7
73;4;2.6
74;4;2.3
75;4;2.95
76;4;2.75
77;4;2.8
78;4;2.95
79;4;3.05
80;4;3.1
81;4;3.0
82;4;3.25
83;4;3.25
84;4;3.4
85;4;3.3
86;4;3.45
87;4;3.1
88;4;3.4
89;4;3.3
90;4;3.65
91;4;3.3
92;4;3.35
93;4;3.45
94;4;3.25
95;4;3.25
96;4;3.4
97;4;3.4
98;4;3.4
99;4;3.5
100;4;3.45
101;4;3.6
102;4;3.4
103;4;3.35
104;4;3.4
105;4;3.75
106;4;3.15
107;4;3.55
108;4;3.6
109;4;3.65
110;4;3.4
111;4;3.25
112;4;3.55
113;4;3.3
114;4;3.3
115;4;3.2
116;4;3.2
117;4;3.25
118;4;3.2
119;4;3.2
120;4;3.4
121;4;3.4
122;4;3.4
123;4;3.35
124;4;3.7
125;4;3.7
126;4;3.45
127;4;3.5
128;4;3.35
129;4;3.15
130;4;3.25
131;4;3.15
132;4;3.05
133;4;3.3
134;4;3.15
135;4;3.2
136;4;3.4
137;4;3.2
138;4;3.25
139;4;3.4
140;4;3.55
141;4;3.25
142;4;3.15
143;4;3.35
144;4;3.2
145;4;3.2
146;4;3.25
147;4;3.3
148;4;3.35
149;4;3.2
150;4;3.2
151;4;3.1
152;4;3.6
153;4;3.2
154;4;3.3
155;4;3.3
156;4;3.15
157;4;3.3
158;4;3.3
159;4;3.1
160;4;3.5
161;4;3.3
162;4;3.2
163;4;3.6
164;4;3.45
165;4;3.5
166;4;3.25
167;4;3.25
168;4;3.1
169;4;3.2
170;4;3.1
171;4;3.25
172;4;3.3
173;4;3.3
174;4;3.5
175;4;3.35
176;4;3.25
177;4;3.3
178;4;3.45
179;4;3.2
180;4;3.45
181;4;3.5
182;4;3.3
183;4;3.15
184;4;3.3
185;4;3.6
186;4;3.4
187;4;3.55
188;4;3.35
189;4;3.1
190;4;3.5
191;4;3.4
192;4;3.3
193;4;3.5
194;4;3.1
195;4;3.05
196;4;3.55
197;4;3.35
198;4;3.35
199;4;3.25
200;4;3.2
201;4;3.55
202;4;3.1
203;4;3.1
204;4;3.3
205;4;3.2
206;4;3.0
207;4;3.1
208;4;3.1
209;4;3.1
210;4;3.45
211;4;3.3
212;4;3.3
213;4;3.2
214;4;3.35
215;4;3.3
216;4;3.35
217;4;3.2
218;4;3.35
219;4;3.3
220;4;3.3
221;4;3.3
222;4;3.5
223;4;3.3
224;4;3.2
225;4;3.3
226;4;3.6
227;4;3.3
228;4;3.2
229;4;3.25
230;4;3.2
231;4;3.25
232;4;3.15
233;4;3.2
234;4;3.3
235;4;3.2
236;4;3.1
237;4;3.3
238;4;3.25
239;4;3.2
240;4;3.4
241;4;3.2
242;4;3.35
243;4;3.45
244;4;3.55
245;4;3.6
246;4;3.0
247;4;3.4
248;4;3.35
249;4;3.35
250;4;3.35
251;4;3.3
252;4;3.25
253;4;3.25
254;4;3.25
255;4;3.45
256;4;3.2
257;4;3.45
258;4;3.1
259;4;3.25
260;4;3.25
261;4;3.25
262;4;3.6
263;4;3.3
264;4;3.25
265;4;3.25
266;4;3.4
267;4;3.2
268;4;3.35
269;4;3.35
270;4;3.35
271;4;3.25
272;4;3.45
273;4;3.25
274;4;3.5
275;4;3.45
276;4;3.3
277;4;3.2
278;4;3.1
279;4;3.5
280;4;3.25
281;4;3.4
282;4;3.3
283;4;3.35
284;4;3.3
285;4;3.2
286;4;3.1
287;4;3.1
288;4;3.2
289;4;3.35
290;4;3.4
291;4;3.5
292;4;3.2
293;4;3.2
294;4;3.1
295;4;3.45
296;4;3.25
297;4;3.55
298;4;3.35
299;4;3.3
300;4;3.4
301;4;3.4
302;4;3.25
303;4;3.5
304;4;3.45
305;4;3.45
306;4;3.25
307;4;3.45
308;4;3.3
309;4;3.35
310;4;3.2
311;4;3.25
312;4;3.4
313;4;3.4
314;4;3.2
315;4;3.1
316;4;3.25
317;4;3.3
318;4;3.1
319;4;3.3
320;4;3.2
321;4;3.2
322;4;3.3
323;4;3.25
324;4;3.2
325;4;3.3
326;4;3.25
327;4;3.1
328;4;3.1
329;4;3.2
330;4;3.3
331;4;3.25
332;4;3.3
333;4;3.3
334;4;3.4
335;4;3.2
336;4;3.4
337;4;3.3
338;4;3.55
339;4;3.2
340;4;3.1
341;4;3.1
342;4;3.35
343;4;3.3
344;4;3.25
345;4;3.2
346;4;3.2
347;4;3.2
348;4;3.1
349;4;3.2
350;4;3.3
351;4;3.1
352;4;3.45
353;4;3.2
354;4;3.3
355;4;3.3
356;4;3.4
357;4;3.2
358;4;3.4
359;4;3.35
360;4;3.3
361;4;3.35
362;4;3.5
363;4;3.2
364;4;3.3
365;4;3.3
366;4;3.15
367;4;3.2
368;4;3.5
369;4;3.2
370;4;3.25
371;4;3.25
372;4;3.55
373;4;3.35
374;4;3.4
375;4;3.2
376;4;3.2
377;4;3.45
378;4;3.2
379;4;3.4
380;4;3.3
381;4;3.5
382;4;3.15
383;4;3.2
384;4;3.25
385;4;3.15
386;4;3.2
387;4;3.35
388;4;3.45
389;4;3.35
390;4;3.2
391;4;3.2
392;4;3.25
393;4;3.55
394;4;3.25
395;4;3.3
396;4;3.3
397;4;3.15
398;4;3.0
399;4;3.15
400;4;3.3
401;4;3.2
402;4;3.25
403;4;3.1
404;4;3.15
405;4;3.25
406;4;3.3
407;4;3.2
408;4;3.2
409;4;3.4
410;4;3.4
411;4;3.2
412;4;3.5
413;4;3.2
414;4;3.4
Meranie: 14
0;2;0.8
1;2;1.25
2;2;1.5
3;2;1.7
4;3;1.95
5;3;2.05
6;3;1.85
7;3;2.0
8;3;2.15
9;3;1.9
10;3;2.15
11;3;2.05
12;3;2.1
13;3;2.0
14;3;1.95
15;3;2.15
16;3;1.8
17;3;2.0
18;3;2.0
19;3;2.15
20;3;2.0
21;3;2.15
22;3;2.05
23;3;2.0
24;3;2.0
25;3;2.05
26;3;2.0
27;3;2.15
28;3;2.1
29;3;2.15
30;4;2.2
31;4;2.3
32;4;2.3
33;4;2.3
34;4;2.3
35;4;2.25
36;4;2.25
37;4;2.25
38;4;2.3
39;4;2.3
40;4;2.3
41;4;2.3
42;4;2.3
43;4;2.3
44;4;2.3
45;4;2.3
46;4;2.3
47;4;2.25
48;4;2.3
49;4;2.2
50;4;2.25
51;4;2.3
52;4;2.3
53;4;2.3
54;4;2.3
55;4;2.3
56;4;2.35
57;4;2.35
58;4;2.35
59;4;2.2
60;4;2.35
61;4;2.35
62;4;2.35
63;4;2.35
64;4;2.35
65;4;2.35
66;4;2.3
67;4;2.4
68;4;2.4
69;4;2.4
70;4;2.4
71;4;2.3
72;4;2.2
73;4;2.0
74;4;2.3
75;4;2.35
76;4;2.25
77;4;2.25
78;4;2.4
79;4;2.45
80;4;2.45
81;4;2.45
82;4;2.4
83;4;2.3
84;4;2.45
85;4;2.4
86;4;2.3
87;4;2.25
88;4;2.35
89;4;2.1
90;4;2.25
91;4;2.45
92;4;2.35
93;4;2.3
94;4;2.25
95;4;2.25
96;4;2.2
97;4;2.3
98;4;2.35
99;4;2.3
100;4;2.2
101;4;2.55
102;4;2.4
103;4;2.35
104;4;2.3
105;4;2.15
106;4;2.25
107;4;2.2
108;4;2.35
109;4;2.4
110;4;2.2
111;4;2.35
112;4;2.35
113;4;2.2
114;4;2.35
115;4;2.3
116;4;2.2
117;4;2.55
118;4;2.45
119;4;2.55
120;4;2.1
121;4;2.4
122;4;2.45
123;4;2.2
124;4;2.3
125;4;2.25
126;4;2.2
127;4;2.25
128;4;2.35
129;4;2.2
130;4;2.35
131;4;2.35
132;4;2.3
133;4;2.3
134;4;2.25
135;4;2.35
136;4;2.5
137;4;2.2
138;4;2.35
139;4;2.55
140;4;2.45
141;4;2.35
142;4;2.35
143;4;2.4
144;4;2.55
145;4;2.3
146;4;2.25
147;4;2.3
148;4;2.45
149;4;2.6
150;4;2.55
151;4;2.5
152;4;2.45
153;4;2.55
154;4;2.4
155;4;2.2
156;4;2.35
157;4;2.25
158;4;2.45
159;4;2.55
160;4;2.25
161;4;2.35
162;4;2.6
163;4;2.45
164;4;2.5
165;4;2.35
166;4;2.35
167;4;2.45
168;4;2.45
169;4;2.3
170;4;2.3
171;4;2.45
172;4;2.5
173;4;2.25
174;4;2.5
175;4;2.45
176;4;2.3
177;4;2.45
178;4;2.75
179;4;2.4
180;4;2.5
181;4;2.3
182;4;2.3
Meranie: 15
0;1;0.85
1;2;1.2
2;2;1.4
3;2;1.75
4;2;1.9
5;3;2.15
6;3;1.85
7;3;2.0
8;3;2.0
9;3;1.9
10;3;2.05
11;3;1.95
12;3;2.1
13;3;2.0
14;3;1.95
15;3;2.15
16;3;1.9
17;3;1.9
18;3;2.15
19;3;2.15
20;3;2.05
21;3;2.15
22;3;2.0
23;3;2.15
24;3;2.15
25;3;2.1
26;3;2.1
27;3;2.15
28;3;2.15
29;3;2.15
30;3;2.1
31;3;2.15
32;3;2.15
33;3;2.2
34;3;2.2
35;3;2.2
36;3;2.2
37;3;2.2
38;3;2.2
39;3;2.2
40;3;2.2
41;3;2.2
42;3;2.25
43;3;2.25
44;3;1.95
45;3;2.25
46;3;2.3
47;3;2.3
48;3;2.05
49;3;2.3
50;3;2.3
51;3;2.05
52;3;2.3
53;3;2.3
54;3;2.15
55;3;2.3
56;3;2.3
57;3;2.3
58;3;2.3
59;3;2.3
60;3;2.3
61;3;2.2
62;3;2.2
63;3;2.35
64;3;2.25
65;3;2.1
66;3;1.95
67;3;1.95
68;3;2.2
69;3;2.25
70;3;2.2
71;3;2.35
72;3;2.4
73;3;2.2
74;3;2.0
75;3;2.25
76;3;2.2
77;3;2.45
78;3;2.4
79;3;2.35
80;3;2.45
81;3;2.55
82;3;2.6
83;3;2.35
84;3;2.5
85;3;2.65
86;3;2.5
87;3;2.65
88;3;2.55
89;3;2.6
90;3;2.45
91;3;2.65
92;3;2.5
93;3;2.6
94;3;2.65
95;3;2.7
96;3;2.75
97;3;2.75
98;3;2.8
99;3;2.6
100;3;2.75
101;3;2.55
102;4;2.75
103;4;2.6
104;4;2.5
105;4;2.65
106;4;2.7
107;4;2.8
108;4;2.7
109;4;2.85
110;4;2.85
111;4;2.65
112;4;2.75
113;4;2.9
114;4;2.8
115;4;2.7
116;4;2.9
117;4;2.8
118;4;2.75
119;4;2.8
120;4;2.75
121;4;2.7
122;4;2.8
123;4;3.0
124;4;2.75
125;4;2.85
126;4;2.8
127;4;2.95
128;4;2.85
129;4;2.9
130;4;2.75
131;4;2.7
132;4;2.6
133;4;2.7
134;4;2.8
135;4;2.8
136;4;2.65
137;4;2.6
138;4;2.6
139;4;2.7
140;4;2.75
141;4;2.7
142;4;2.75
143;4;2.7
144;4;2.65
145;4;2.75
146;4;2.85
147;4;2.75
148;4;2.4
149;4;2.35
150;4;2.55
151;4;2.8
152;4;2.6
153;4;2.85
154;4;2.6
155;4;2.85
156;4;2.7
157;4;2.8
158;4;2.75
159;4;3.0
160;4;2.75
161;4;2.8
162;4;2.85
163;4;2.9
164;4;2.5
165;4;2.6
166;4;2.8
167;4;2.9
168;4;3.05
169;4;2.75
170;4;2.8
171;4;2.85
172;4;2.7
173;4;2.65
174;4;2.55
175;4;2.45
176;4;2.8
177;4;2.7
178;4;2.9
179;4;2.85
180;4;2.95
181;4;2.65
182;4;2.7
183;4;2.9
184;4;2.8
185;4;2.75
186;4;2.6
187;4;2.6
188;4;2.9
189;4;2.6
190;4;2.95
191;4;2.9
192;4;2.9
193;4;3.05
194;4;2.65
195;4;2.75
196;4;2.8
197;4;3.05
198;4;3.05
199;4;3.15
200;4;3.05
201;4;3.15
202;4;3.1
203;4;2.95
204;4;3.05
205;4;3.0
206;4;3.15
207;4;3.1
208;4;3.2
209;4;3.05
210;4;3.2
211;4;3.05
212;4;3.2
213;4;3.25
214;4;3.1
215;4;3.25
216;4;2.9
217;4;3.2
218;4;3.15
219;4;3.0
220;4;3.15
221;4;3.2
222;4;3.45
223;4;3.4
224;4;3.45
225;4;3.1
226;4;3.1
227;4;2.8
228;4;3.1
229;4;3.15
230;4;3.3
231;4;3.55
232;4;3.15
233;4;3.25
234;4;3.35
235;4;3.1
236;4;3.25
237;4;3.15
238;4;3.2
239;4;3.25
240;4;3.35
241;4;3.5
242;4;3.3
243;4;3.2
244;4;3.1
245;4;3.15
246;4;3.15
247;4;3.25
248;4;2.95
249;4;3.0
250;4;3.1
251;4;3.25
252;4;3.2
253;4;3.25
254;4;3.4
255;4;3.35
256;4;3.15
257;4;3.05
258;4;3.35
259;4;3.05
260;4;3.15
261;4;3.4
262;4;3.45
263;4;3.2
264;4;3.2
265;4;3.0
266;4;3.3
267;4;3.2
268;4;3.5
269;4;3.35
270;4;3.2
271;4;2.9
272;4;3.25
273;4;3.0
274;4;3.4
275;4;3.4
276;4;3.15
277;4;3.25
278;4;2.75
279;4;3.0
280;4;3.1
281;4;3.15
282;4;3.3
283;4;3.25
284;4;3.4
285;4;2.9
286;4;3.15
287;4;3.1
288;4;3.25
289;4;2.9
290;4;3.35
291;4;3.0
292;4;3.05
293;4;3.0
294;4;3.25
295;4;3.2
296;4;3.1
297;4;3.15
298;4;3.0
299;4;2.95
300;4;2.9
301;4;3.15
302;4;3.3
303;4;3.15
304;4;3.2
305;4;3.25
306;4;2.95
307;4;3.1
308;4;3.4
309;4;3.05
310;4;3.25
311;4;3.0
312;4;2.9
313;4;3.15
314;4;3.15
315;4;3.05
316;4;3.2
317;4;3.05
318;4;3.15
319;4;3.15
320;4;3.05
321;4;3.25
322;4;2.95
323;4;3.15
324;4;3.15
325;4;3.15
326;4;3.0
327;4;3.3
328;4;3.15
329;4;3.15
330;4;3.0
331;4;2.95
332;4;3.3
333;4;3.2
334;4;3.1
335;4;3.3
336;4;3.2
337;4;3.25
338;4;3.3
339;4;3.25
340;4;3.15
341;4;3.15
342;4;3.3
343;4;3.25
344;4;3.25
345;4;3.3
346;4;3.2
347;4;3.1
348;4;3.05
349;4;2.75
350;4;2.85
351;4;2.9
352;4;3.2
353;4;3.25
354;4;3.1
355;4;3.15
356;4;3.35
357;4;2.85
358;4;3.2
359;4;3.25
360;4;3.2
361;4;3.3
362;4;3.25
363;4;2.95
364;4;3.1
365;4;3.3
366;4;3.15
367;4;2.95
368;4;3.25
369;4;3.2
370;4;3.1
371;4;3.2
372;4;3.1
373;4;3.25
374;4;3.0
375;4;3.1
376;4;3.1
377;4;3.2
378;4;3.35
379;4;3.35
380;4;3.2
381;4;3.3
382;4;3.1
383;4;3.05
384;4;3.2
385;4;3.1
386;4;3.15
387;4;3.2
388;4;3.2
389;4;3.05
390;4;3.15
391;4;3.1
392;4;3.2
393;4;3.25
394;4;3.15
395;4;3.45
396;4;3.35
397;4;3.05
398;4;3.3
399;4;3.35
400;4;3.15
401;4;3.2
402;4;3.3
403;4;3.3
404;4;3.3
405;4;2.95
406;4;3.1
407;4;2.9
408;4;3.3
409;4;3.1
410;4;3.3
411;4;3.05
412;4;3.35
413;4;2.85
414;4;3.3
415;4;3.1
416;4;2.9
417;4;3.1
418;4;3.2
419;4;3.2
420;4;3.35
421;4;3.2
422;4;3.3
423;4;3.1
424;4;3.1
425;4;3.35
426;4;2.95
427;4;3.2
428;4;3.3
429;4;3.15
430;4;3.3
431;4;3.15
432;4;3.2
433;4;3.15
434;4;2.95
435;4;3.1
436;4;3.6
437;4;3.1
438;4;3.15
439;4;3.25
440;4;3.2
441;4;3.25
442;4;3.2
443;4;3.15
444;4;3.35
445;4;3.45
446;4;3.25
447;4;3.1
448;4;3.1
449;4;3.1
450;4;3.15
451;4;3.3
452;4;3.2
453;4;3.2
454;4;3.05
455;4;3.25
456;4;3.25
457;4;3.3
458;4;3.2
459;4;3.1
460;4;3.25
461;4;3.05
462;4;3.25
463;4;3.1
464;4;3.1
465;4;3.0
466;4;2.85
467;4;3.25
468;4;3.05
469;4;3.2
470;4;3.3
471;4;3.1
472;4;3.25
473;4;3.1
474;4;3.15
475;4;3.15
476;4;3.15
477;4;3.2
478;4;3.2
479;4;3.25
480;4;3.1
481;4;3.1
482;4;3.25
483;4;3.15
484;4;3.1
485;4;3.15
486;4;3.35
487;4;3.15
488;4;3.15
489;4;3.1
490;4;3.15
491;4;3.2
492;4;3.15
493;4;3.1
494;4;3.1
495;4;3.35
496;4;3.05
497;4;3.25
498;4;3.2
499;4;3.2
500;4;3.15
501;4;3.3
502;4;3.25
503;4;3.15
504;4;3.05
505;4;3.1
506;4;3.0
507;4;3.2
508;4;3.0
509;4;3.05
510;4;3.25
511;4;3.2
512;4;2.85
513;4;3.25
514;4;3.25
515;4;3.25
516;4;3.2
517;4;3.3
518;4;3.0
519;4;2.95
520;4;3.2
521;4;3.2
522;4;3.05
523;4;3.3
524;4;3.1
525;4;3.2
526;4;3.25
527;4;3.2
528;4;2.9
529;4;3.35
530;4;3.2
531;4;3.2
532;4;3.05
533;4;3.15
534;4;3.05
535;4;3.5
536;4;3.1
537;4;3.15
538;4;3.1
539;4;3.3
540;4;3.25
541;4;3.0
542;4;3.05
543;4;2.95
544;4;3.1
545;4;3.05
546;4;3.25
547;4;3.1
548;4;3.25
549;4;3.2
550;4;3.1
551;4;3.2
552;4;3.2
553;4;3.3
554;4;3.2
555;4;3.1
556;4;3.25
557;4;2.9
558;4;3.1
559;4;3.15
560;4;3.15
561;4;3.2
562;4;3.05
563;4;3.15
564;4;3.1
565;4;3.2
566;4;2.95
567;4;2.95
568;4;3.1
569;4;3.25
570;4;3.2
571;4;3.1
572;4;3.05
573;4;3.5
574;4;3.2
575;4;3.15
576;4;3.15
577;4;3.1
578;4;3.05
579;4;3.1
580;4;3.2
581;4;3.0
582;4;2.9
583;4;3.25
584;4;3.4
585;4;3.15
586;4;3.2
587;4;3.3
588;4;3.35
589;4;3.3
590;4;3.45
591;4;3.2
592;4;3.2
593;4;3.25
594;4;3.25
595;4;2.85
596;4;3.1
597;4;3.25
598;4;3.25
599;4;3.35
600;4;3.15
601;4;3.25
602;4;3.15
603;4;3.25
604;4;3.15
605;4;3.4
606;4;3.15
607;4;3.25
608;4;3.15
609;4;3.25
610;4;3.05
611;4;3.25
612;4;3.25
613;4;3.55
614;4;3.2
615;4;3.25
616;4;2.8
617;4;2.95
618;4;3.3
619;4;3.2
620;4;3.1
621;4;3.15
622;4;3.15
623;4;3.2
624;4;3.1
625;4;3.1
626;4;2.95
627;4;3.2
628;4;3.2
629;4;3.15
630;4;3.25
631;4;3.1
632;4;3.1
633;4;3.1
634;4;3.2
635;4;3.2
636;4;3.4
637;4;3.2
638;4;3.3
639;4;3.35
640;4;3.5
641;4;3.25
642;4;3.25
643;4;3.1
644;4;3.25
645;4;3.2
646;4;3.15
647;4;3.15
648;4;3.1
649;4;3.3
650;4;3.1
651;4;3.35
652;4;2.85
653;4;3.1
654;4;3.35
655;4;3.0
656;4;3.15
657;4;3.15
658;4;3.2
659;4;3.3
660;4;3.15
661;4;3.1
662;4;3.1
663;4;3.25
664;4;3.05
665;4;3.25
666;4;3.15
667;4;3.2
668;4;2.85
669;4;3.3
670;4;3.2
671;4;2.95
672;4;3.15
673;4;3.05
674;4;3.2
675;4;3.0
676;4;3.1
677;4;2.95
678;4;3.05
679;4;3.05
680;4;3.05
681;4;3.15
682;4;3.2
683;4;3.1
684;4;3.05
685;4;3.05
686;4;3.05
687;4;2.75
688;4;3.05
689;4;3.15
690;4;3.3
691;4;3.35
692;4;3.05
693;4;3.15
694;4;3.1
695;4;3.2
696;4;3.3
697;4;3.05
698;4;3.25
699;4;3.25
700;4;3.25
701;4;3.3
702;4;3.2
703;4;3.1
704;4;2.9
705;4;3.4
Meranie: 16
0;2;1.2
1;2;1.4
2;2;1.5
3;2;1.75
4;2;1.9
5;3;2.05
6;3;1.75
7;3;1.95
8;3;1.9
9;3;2.0
10;3;1.95
11;3;1.95
12;3;2.0
13;3;2.1
14;3;2.05
15;3;2.15
16;3;2.15
17;3;2.15
18;3;2.15
19;3;2.2
20;3;2.2
21;3;2.2
22;3;2.2
23;3;2.2
24;3;2.2
25;3;2.2
26;3;2.2
27;3;2.2
28;3;2.25
29;3;2.15
30;3;2.25
31;3;2.25
32;3;2.1
33;3;2.1
34;3;2.15
35;3;2.2
36;3;2.3
37;3;2.1
38;3;2.3
39;3;2.15
40;3;2.3
41;3;2.25
42;3;2.4
43;3;2.3
44;3;2.2
45;3;2.45
46;3;2.2
47;3;2.25
48;3;2.15
49;3;2.3
50;3;2.05
51;3;2.25
52;3;2.4
53;3;2.4
54;3;2.3
55;3;2.25
56;3;2.1
57;3;2.15
58;3;2.35
59;3;2.4
60;3;2.15
61;3;2.55
62;3;2.35
63;3;2.5
64;3;2.5
65;3;2.4
66;3;2.6
67;3;2.45
68;3;2.4
69;3;2.4
70;3;2.4
71;3;2.5
72;3;2.4
73;3;2.55
74;3;2.35
75;3;2.5
76;3;2.3
77;3;2.3
78;3;2.35
79;3;2.6
80;3;2.55
81;3;2.25
82;3;2.5
83;3;2.4
84;3;2.4
85;3;2.6
86;4;2.5
87;4;2.2
88;4;2.6
89;4;2.4
90;4;2.55
91;4;2.6
92;4;2.65
93;4;2.35
94;4;2.3
95;4;2.5
96;4;2.55
97;4;2.7
98;4;2.7
99;4;2.6
100;4;2.35
101;4;2.45
102;4;2.5
103;4;2.6
104;4;2.7
105;4;2.7
106;4;2.85
107;4;2.7
108;4;2.7
109;4;2.55
110;4;2.5
111;4;2.45
112;4;2.7
113;4;2.65
114;4;2.75
115;4;2.55
116;4;2.6
117;4;2.4
118;4;2.4
119;4;2.4
120;4;2.65
121;4;2.5
122;4;2.5
123;4;2.5
124;4;2.65
125;4;2.65
126;4;2.5
127;4;2.4
128;4;2.6
129;4;2.5
130;4;2.5
131;4;2.7
132;4;2.5
133;4;2.7
134;4;2.7
135;4;2.7
136;4;2.65
137;4;2.7
138;4;2.8
139;4;2.75
140;4;2.6
141;4;2.6
142;4;2.25
143;4;2.7
144;4;2.7
145;4;2.75
146;4;2.75
147;4;2.45
148;4;2.65
149;4;2.6
150;4;2.5
151;4;2.75
152;4;2.7
153;4;2.7
154;4;2.75
155;4;2.8
156;4;2.85
157;4;2.6
158;4;2.7
159;4;2.7
160;4;2.75
161;4;2.75
162;4;2.75
163;4;2.5
164;4;2.65
165;4;2.4
166;4;2.75
167;4;2.6
168;4;2.85
169;4;2.65
170;4;2.7
171;4;2.55
172;4;2.55
173;4;2.65
174;4;2.75
175;4;2.6
176;4;2.7
177;4;2.5
178;4;2.55
179;4;2.6
180;4;2.7
181;4;2.65
182;4;2.7
183;4;2.45
184;4;2.6
185;4;2.6
186;4;2.5
187;4;2.5
188;4;2.5
189;4;2.75
190;4;2.75
191;4;2.75
192;4;2.4
193;4;2.7
194;4;2.6
195;4;2.6
196;4;2.55
197;4;2.7
198;4;2.75
199;4;2.8
200;4;2.75
201;4;2.75
202;4;2.75
203;4;2.75
204;4;2.8
205;4;2.8
206;4;2.6
207;4;2.9
208;4;3.0
209;4;2.85
210;4;2.85
211;4;2.65
212;4;2.9
213;4;2.9
214;4;2.8
215;4;2.85
216;4;2.85
217;4;2.85
218;4;2.6
219;4;2.7
220;4;2.95
221;4;2.85
222;4;2.7
223;4;2.95
224;4;2.8
225;4;2.8
226;4;2.85
227;4;2.8
228;4;2.7
229;4;2.9
230;4;2.9
231;4;2.9
232;4;2.7
233;4;2.85
234;4;2.9
235;4;2.95
236;4;2.8
237;4;2.95
238;4;2.65
239;4;2.95
240;4;2.75
241;4;2.9
242;4;3.15
243;4;3.0
244;4;2.95
245;4;2.9
246;4;3.1
247;4;2.85
248;4;3.0
249;4;3.15
250;4;3.05
251;4;3.05
252;4;2.95
253;4;3.1
254;4;3.1
255;4;3.15
256;4;3.15
257;4;3.25
258;4;2.95
259;4;3.4
260;4;3.05
261;4;3.2
262;4;3.2
263;4;2.95
264;4;3.15
265;4;3.2
266;4;3.15
267;4;3.25
268;4;3.2
269;4;3.3
270;4;3.3
271;4;3.4
272;4;3.4
273;4;3.15
274;4;3.2
275;4;3.1
276;4;3.1
277;4;3.3
278;4;3.3
279;4;3.2
280;4;3.15
281;4;3.2
282;4;3.15
283;4;3.25
284;4;3.2
285;4;3.15
286;4;3.05
287;4;3.1
288;4;2.95
289;4;3.45
290;4;3.15
291;4;3.3
292;4;3.2
293;4;3.15
294;4;3.2
295;4;3.05
296;4;3.1
297;4;3.25
298;4;3.2
299;4;3.35
300;4;3.15
301;4;3.1
302;4;3.25
303;4;3.35
304;4;3.15
305;4;3.45
306;4;3.5
307;4;3.1
308;4;3.15
309;4;3.2
310;4;3.15
311;4;3.25
312;4;2.95
313;4;3.1
314;4;3.2
315;4;3.15
316;4;3.1
317;4;3.1
318;4;3.2
319;4;3.3
320;4;3.3
321;4;3.2
322;4;3.15
323;4;3.25
324;4;3.15
325;4;3.15
326;4;3.35
327;4;3.2
328;4;3.25
329;4;3.0
330;4;3.15
331;4;3.4
332;4;3.3
333;4;3.15
334;4;3.25
335;4;3.1
336;4;3.1
337;4;3.3
338;4;2.95
339;4;2.8
340;4;2.85
341;4;3.1
342;4;2.85
343;4;3.15
344;4;3.25
345;4;3.3
346;4;3.15
347;4;3.2
348;4;3.05
349;4;3.1
350;4;3.1
351;4;3.0
352;4;3.45
353;4;3.4
354;4;3.45
355;4;3.0
356;4;3.55
357;4;3.1
358;4;3.1
359;4;3.1
360;4;3.3
361;4;3.25
362;4;3.0
363;4;3.2
364;4;3.25
365;4;3.05
366;4;3.15
367;4;3.2
368;4;3.1
369;4;3.1
370;4;3.45
371;4;3.2
372;4;3.1
373;4;3.05
374;4;3.2
375;4;3.05
376;4;3.05
377;4;3.05
378;4;3.25
379;4;3.1
380;4;3.1
381;4;3.1
382;4;3.1
383;4;3.25
384;4;3.15
385;4;3.35
386;4;3.15
387;4;3.2
388;4;3.3
389;4;3.35
390;4;3.15
391;4;3.3
392;4;3.0
393;4;3.05
394;4;3.05
395;4;3.1
396;4;3.25
397;4;3.3
398;4;3.2
399;4;3.1
400;4;3.15
401;4;3.3
402;4;3.15
403;4;3.4
404;4;3.3
405;4;3.25
406;4;3.15
407;4;3.4
408;4;3.0
409;4;3.2
410;4;3.0
411;4;3.2
412;4;3.3
413;4;3.1
414;4;3.2
415;4;3.1
416;4;3.2
417;4;3.1
418;4;3.0
419;4;3.15
420;4;3.25
421;4;3.1
422;4;3.2
423;4;3.4
424;4;3.2
425;4;2.95
426;4;2.9
427;4;3.2
428;4;3.15
429;4;3.3
430;4;2.7
431;4;3.3
432;4;3.4
433;4;3.3
434;4;3.2
435;4;3.25
436;4;3.15
437;4;3.1
438;4;3.1
439;4;3.15
440;4;3.1
441;4;3.15
442;4;2.8
443;4;3.05
444;4;3.1
445;4;3.15
446;4;3.0
447;4;3.25
448;4;3.2
449;4;3.15
450;4;3.25
451;4;3.2
452;4;2.9
453;4;3.0
454;4;3.45
455;4;3.05
456;4;3.1
457;4;3.2
458;4;3.25
459;4;3.2
460;4;3.25
461;4;3.5
462;4;3.1
463;4;3.45
464;4;3.3
465;4;3.25
466;4;3.4
467;4;3.1
468;4;2.95
469;4;3.1
470;4;3.2
471;4;3.15
472;4;3.15
473;4;3.25
474;4;3.05
475;4;3.1
476;4;3.1
477;4;3.35
478;4;3.45
479;4;3.25
480;4;3.3
481;4;3.2
482;4;3.4
483;4;3.15
484;4;3.25
485;4;3.3
486;4;3.2
487;4;3.3
488;4;3.15
489;4;3.1
490;4;3.35
491;4;3.2
492;4;3.15
493;4;3.05
494;4;3.05
495;4;3.4
496;4;3.15
497;4;3.2
498;4;3.15
499;4;3.3
500;4;3.1
501;4;3.1
502;4;3.35
503;4;3.3
504;4;3.2
505;4;3.15
506;4;3.1
507;4;3.3
508;4;3.35
509;4;3.15
510;4;3.15
511;4;3.2
512;4;3.2
513;4;3.1
514;4;3.0
515;4;3.15
516;4;3.3
517;4;3.1
518;4;3.15
519;4;3.3
520;4;3.2
521;4;3.2
522;4;3.1
523;4;2.95
524;4;3.2
525;4;3.25
526;4;3.1
527;4;3.3
528;4;3.15
529;4;3.35
530;4;3.25
531;4;3.1
532;4;3.2
533;4;3.3
534;4;3.3
535;4;3.1
536;4;3.15
537;4;3.05
538;4;3.25
539;4;3.15
540;4;3.15
541;4;3.15
542;4;3.1
543;4;3.3
544;4;3.25
545;4;3.1
546;4;3.2
547;4;3.0
548;4;3.15
549;4;3.25
550;4;3.3
551;4;3.15
552;4;3.45
553;4;3.1
554;4;3.3
555;4;3.25
556;4;3.2
557;4;3.5
558;4;3.35
559;4;3.15
560;4;3.05
561;4;3.2
562;4;3.35
563;4;3.3
564;4;3.3
565;4;3.25
566;4;3.15
567;4;3.3
568;4;3.25
569;4;3.2
570;4;3.3
571;4;3.1
572;4;3.15
573;4;3.0
574;4;3.2
575;4;3.15
576;4;3.4
577;4;3.2
578;4;3.0
579;4;3.2
580;4;3.3
581;4;3.2
582;4;3.15
583;4;3.25
584;4;3.2
585;4;3.45
586;4;3.2
587;4;2.9
588;4;3.05
589;4;3.15
590;4;3.15
591;4;3.15
592;4;3.25
593;4;3.0
594;4;3.1
595;4;3.1
596;4;3.15
597;4;3.0
598;4;2.95
599;4;3.15
600;4;3.15
601;4;2.95
602;4;2.95
603;4;3.2
604;4;3.05
605;4;3.3
606;4;3.15
607;4;3.1
608;4;3.15
609;4;3.1
610;4;3.05
611;4;3.05
612;4;3.1
613;4;3.1
614;4;3.1
615;4;3.1
616;4;3.1
617;4;2.95
618;4;3.2
619;4;3.3
620;4;3.2
621;4;2.95
622;4;3.0
623;4;2.85
624;4;3.0
625;4;3.25
626;4;3.1
627;4;3.1
628;4;3.25
629;4;3.3
630;4;3.25
631;4;3.2
632;4;2.7
633;4;2.95
634;4;3.1
635;4;3.3
636;4;3.1
637;4;3.2
638;4;3.15
639;4;3.35
640;4;3.1
641;4;3.35
642;4;3.2
643;4;3.35
644;4;3.0
645;4;3.2
646;4;3.25
647;4;3.3
648;4;3.2
649;4;3.1
650;4;3.1
651;4;3.45
Meranie: 17
0;2;1.0
1;3;1.4
2;3;1.65
3;3;1.7
4;3;1.9
5;3;1.9
6;3;1.8
7;3;1.75
8;3;1.65
9;3;2.1
10;3;1.95
11;3;1.85
12;3;2.1
13;3;2.15
14;3;2.15
15;3;1.95
16;3;2.15
17;3;2.05
18;3;2.0
19;3;2.2
20;3;2.2
21;3;2.05
22;3;2.1
23;3;2.2
24;3;2.2
25;3;2.15
26;3;1.95
27;3;2.2
28;3;1.9
29;3;2.0
30;3;2.15
31;3;1.9
32;3;2.2
33;3;1.85
34;3;2.2
35;3;1.95
36;3;2.1
37;3;1.85
38;3;1.8
39;3;2.05
40;3;1.9
41;3;2.0
42;3;2.0
43;3;2.0
44;3;2.1
45;3;1.9
46;3;1.85
47;3;2.05
48;3;1.9
49;3;2.0
50;3;1.85
51;3;2.0
52;3;1.9
53;3;1.8
54;3;2.0
55;3;2.1
56;3;2.1
57;3;2.15
58;3;1.85
59;3;2.05
60;3;2.1
61;3;1.95
62;3;2.1
63;3;2.15
64;3;1.95
65;3;2.1
66;3;2.05
67;3;2.05
68;3;2.1
69;3;1.85
70;3;1.85
71;3;2.0
72;3;1.9
73;3;2.0
74;3;1.9
75;3;2.0
76;3;2.05
77;3;1.95
78;3;2.1
79;3;1.95
80;3;1.85
81;3;1.95
82;3;1.95
83;3;1.95
84;3;2.2
85;3;2.2
86;3;1.9
87;3;2.0
88;3;1.8
89;3;2.05
90;3;2.1
91;3;2.15
92;3;2.05
93;3;2.05
94;3;2.05
95;3;2.05
96;3;2.2
97;3;1.95
98;3;1.95
99;3;2.0
100;3;2.05
101;3;2.2
102;3;1.9
103;3;2.2
104;3;2.2
105;3;1.95
106;3;1.85
107;3;2.0
108;3;2.05
109;3;2.15
110;3;2.05
111;3;1.95
112;3;1.95
113;3;2.0
114;3;2.25
115;3;2.1
116;3;1.85
117;3;1.95
118;3;2.25
119;3;2.1
120;3;1.95
121;3;2.25
122;3;2.0
123;3;2.0
124;3;2.3
125;3;2.05
126;3;1.95
127;3;2.2
128;3;2.0
129;3;2.15
130;3;2.25
131;3;2.05
132;3;1.95
133;3;1.95
134;3;2.05
135;3;2.2
136;3;1.95
137;3;2.25
138;3;2.35
139;3;2.25
140;3;2.0
141;3;2.0
142;3;2.1
143;3;2.05
144;3;2.35
145;3;2.0
146;3;2.0
147;3;1.95
148;3;2.25
149;3;2.15
150;3;2.1
151;3;2.05
152;3;2.0
153;3;2.15
154;3;2.05
155;3;2.15
156;3;2.0
157;3;1.9
158;3;2.05
159;3;2.15
160;3;2.2
161;3;2.2
162;3;2.2
163;3;2.35
164;3;2.1
165;3;2.2
166;3;2.2
167;3;2.1
168;3;2.4
169;3;2.25
170;3;2.05
171;3;2.1
172;3;2.15
173;3;2.1
174;3;2.35
175;3;2.3
176;3;2.05
177;3;1.95
178;3;2.2
179;3;2.15
180;3;2.0
181;3;2.1
182;3;2.1
183;3;2.15
184;3;2.15
185;3;2.15
186;3;2.2
187;3;2.4
188;3;2.35
189;3;2.2
190;3;2.25
191;3;2.45
192;3;2.1
193;3;2.5
194;3;2.45
195;3;2.2
196;3;2.2
197;3;2.45
198;3;2.4
199;3;2.1
200;3;2.45
201;3;2.45
202;3;2.25
203;3;2.35
204;3;2.35
205;3;2.45
206;3;2.4
207;3;2.35
208;3;2.45
209;3;2.6
210;3;2.3
211;3;2.55
212;3;2.25
213;3;2.55
214;3;2.15
215;3;2.6
216;3;2.4
217;3;2.25
218;3;2.5
219;3;2.3
220;3;2.65
221;3;2.45
222;3;2.4
223;3;2.3
224;3;2.25
225;3;2.45
226;3;2.25
227;3;2.2
228;3;2.45
229;3;2.25
230;3;2.2
231;3;2.45
232;3;2.6
233;3;2.2
234;3;2.35
235;3;2.5
236;3;2.55
237;3;2.35
238;3;2.55
239;3;2.4
240;3;2.5
241;3;2.35
242;3;2.55
243;3;2.2
244;3;2.5
245;3;2.3
246;3;2.2
247;3;2.35
248;3;2.3
249;3;2.35
250;3;2.4
251;3;2.5
252;3;2.45
253;3;2.35
254;3;2.35
255;3;2.25
256;3;2.2
257;3;2.5
258;3;2.3
259;3;2.6
260;3;2.35
261;3;2.4
262;3;2.2
263;3;2.4
264;3;2.25
265;3;2.2
266;3;2.35
267;4;2.35
268;4;2.65
269;4;2.3
270;4;2.4
271;4;2.35
272;4;2.55
273;4;2.2
274;4;2.45
275;4;2.3
276;4;2.45
277;4;2.55
278;4;2.3
279;4;2.45
280;4;2.3
281;4;2.35
282;4;2.4
283;4;2.4
284;4;2.45
285;4;2.45
286;4;2.35
287;4;2.65
288;4;2.4
289;4;2.45
290;4;2.45
291;4;2.4
292;4;2.25
293;4;2.3
294;4;2.25
295;4;2.25
296;4;2.35
297;4;2.4
298;4;2.45
299;4;2.4
300;4;2.25
301;4;2.4
302;4;2.2
303;4;2.4
304;4;2.3
305;4;2.5
306;4;2.4
307;4;2.6
308;4;2.35
309;4;2.3
310;4;2.2
311;4;2.2
312;4;2.5
313;4;2.25
314;4;2.35
315;4;2.55
316;4;2.65
317;4;2.45
318;4;2.5
319;4;2.55
320;4;2.4
321;4;2.35
Meranie: 18
0;2;0.65
1;2;1.2
2;2;1.55
3;2;2.0
4;2;1.8
5;3;1.9
6;3;2.1
7;3;1.95
8;3;2.15
9;3;2.15
10;3;1.8
11;3;2.1
12;3;2.1
13;3;2.15
14;3;2.2
15;3;2.2
16;3;1.95
17;3;2.0
18;3;2.05
19;3;2.15
20;3;2.2
21;3;2.2
22;3;2.2
23;3;2.2
24;3;2.15
25;3;2.2
26;3;2.2
27;3;2.15
28;3;2.1
29;3;2.2
30;3;2.0
31;3;1.75
32;3;2.05
33;3;2.15
34;3;2.15
35;3;2.05
36;3;2.0
37;3;2.0
38;3;2.05
39;3;2.2
40;3;2.2
41;3;2.15
42;3;2.0
43;3;2.0
44;3;2.05
45;3;2.15
46;3;2.1
47;3;2.15
48;3;2.2
49;3;2.1
50;3;2.2
51;3;2.2
52;3;2.1
53;3;1.9
54;3;2.1
55;3;1.95
56;3;2.15
57;3;2.2
58;3;1.85
59;3;1.9
60;3;2.15
61;3;2.1
62;3;2.05
63;3;2.2
64;3;2.2
65;3;2.15
66;3;2.15
67;3;2.1
68;3;2.05
69;3;1.95
70;3;2.2
71;3;2.25
72;3;2.3
73;3;2.35
74;3;2.05
75;3;2.35
76;3;2.35
77;3;2.35
78;3;2.35
79;3;2.35
80;3;2.15
81;3;2.3
82;3;2.2
83;3;2.3
84;3;1.95
85;3;2.15
86;3;2.25
87;3;2.35
88;3;2.35
89;3;2.0
90;3;2.35
91;3;2.35
92;3;2.05
93;3;2.3
94;3;2.05
95;3;2.25
96;3;2.1
97;3;2.1
98;3;2.15
99;3;2.2
100;3;2.25
101;3;2.3
102;3;2.15
103;4;2.3
104;4;2.45
105;4;2.2
106;4;2.35
107;4;2.45
108;4;2.3
109;4;2.15
110;4;2.45
111;4;2.4
112;4;2.45
113;4;2.15
114;4;2.35
115;4;2.4
116;4;2.4
117;4;2.25
118;4;2.35
119;4;2.45
120;4;2.35
121;4;2.2
122;4;2.5
123;4;2.4
124;4;2.45
125;4;2.5
126;4;2.3
127;4;2.3
128;4;2.45
129;4;2.45
130;4;2.15
131;4;2.15
132;4;2.55
133;4;2.25
134;4;2.25
135;4;2.55
136;4;2.4
137;4;2.3
138;4;2.3
139;4;2.45
140;4;2.2
141;4;2.35
142;4;2.2
143;4;2.4
144;4;2.4
145;4;2.4
146;4;2.35
147;4;2.6
148;4;2.3
149;4;2.45
150;4;2.45
151;4;2.5
152;4;2.7
153;4;2.8
154;4;2.55
155;4;2.7
156;4;2.75
157;4;2.65
158;4;2.5
159;4;2.7
160;4;2.6
161;4;2.35
162;4;2.65
163;4;2.55
164;4;2.5
165;4;2.55
166;4;2.65
167;4;2.7
168;4;2.7
169;4;2.65
170;4;2.65
171;4;2.6
172;4;2.35
173;4;2.55
174;4;2.55
175;4;2.6
176;4;2.55
177;4;2.75
178;4;2.5
179;4;2.7
180;4;2.65
181;4;2.5
182;4;2.65
183;4;2.7
184;4;2.85
185;4;2.65
186;4;2.75
187;4;2.75
188;4;2.75
189;4;2.75
190;4;2.65
191;4;2.7
192;4;2.75
193;4;2.6
194;4;2.7
195;4;2.75
196;4;2.6
197;4;2.8
198;4;2.7
199;4;2.7
200;4;2.8
201;4;2.65
202;4;2.45
203;4;2.7
204;4;2.8
205;4;2.55
206;4;2.7
207;4;2.7
208;4;2.7
209;4;2.75
210;4;2.7
211;4;2.8
212;4;2.75
213;4;2.7
214;4;2.7
215;4;2.7
216;4;2.6
217;4;2.7
218;4;2.75
219;4;2.5
220;4;2.75
221;4;2.7
222;4;2.6
223;4;2.75
224;4;2.7
225;4;2.8
226;4;2.7
227;4;2.75
228;4;2.7
229;4;2.75
230;4;2.75
231;4;2.75
232;4;2.75
233;4;2.55
234;4;2.8
235;4;2.7
236;4;2.8
237;4;2.75
238;4;2.8
239;4;2.8
240;4;2.75
241;4;2.8
242;4;2.75
243;4;2.7
244;4;2.75
245;4;2.7
246;4;2.75
247;4;2.75
248;4;2.75
249;4;2.7
250;4;2.6
251;4;2.7
252;4;2.7
253;4;2.55
254;4;2.5
255;4;2.6
256;4;2.75
257;4;2.65
258;4;2.6
259;4;2.6
260;4;2.75
261;4;2.7
262;4;2.7
263;4;2.75
264;4;2.7
265;4;2.7
266;4;2.7
267;4;2.65
268;4;2.7
269;4;2.7
270;4;2.7
271;4;2.7
272;4;2.6
273;4;2.75
274;4;2.7
275;4;2.4
276;4;2.4
277;4;2.45
278;4;2.5
279;4;2.7
280;4;2.7
281;4;2.5
282;4;2.55
283;4;2.45
284;4;2.75
285;4;2.65
286;4;2.6
287;4;2.7
288;4;2.55
289;4;2.75
290;4;2.8
291;4;2.7
292;4;2.55
293;4;2.75
294;4;2.6
295;4;2.65
296;4;2.75
297;4;2.65
298;4;2.5
299;4;2.7
300;4;2.65
301;4;2.65
302;4;2.35
303;4;2.7
304;4;2.7
305;4;2.55
306;4;2.7
307;4;2.7
308;4;2.65
309;4;2.7
310;4;2.7
311;4;2.8
312;4;2.65
313;4;2.5
314;4;2.65
315;4;2.7
316;4;2.55
317;4;2.4
318;4;2.45
319;4;2.6
320;4;2.7
321;4;2.55
322;4;2.55
323;4;2.65
324;4;2.7
325;4;2.65
326;4;2.75
327;4;2.6
328;4;2.6
329;4;2.65
330;4;2.75
331;4;2.55
332;4;2.6
333;4;2.8
334;4;2.75
335;4;2.6
336;4;2.8
337;4;2.7
338;4;2.75
339;4;2.45
340;4;2.8
341;4;2.55
342;4;2.75
343;4;2.55
344;4;2.75
345;4;2.75
346;4;2.6
347;4;2.7
348;4;2.75
349;4;2.45
350;4;2.6
351;4;2.75
352;4;2.5
353;4;2.8
354;4;2.75
355;4;2.75
356;4;2.7
357;4;2.85
358;4;2.8
359;4;2.7
360;4;2.85
361;4;2.7
362;4;2.6
363;4;2.75
364;4;2.6
365;4;2.65
366;4;2.5
367;4;2.8
368;4;2.6
369;4;2.5
370;4;2.7
371;4;2.65
372;4;2.7
373;4;2.8
374;4;2.65
375;4;2.55
376;4;2.6
377;4;2.6
378;4;2.4
379;4;2.75
380;4;2.65
381;4;2.7
382;4;2.8
383;4;2.7
384;4;2.75
385;4;2.75
386;4;2.8
387;4;2.85
388;4;2.7
389;4;2.8
390;4;2.65
391;4;2.6
392;4;2.75
393;4;2.5
394;4;2.7
395;4;2.7
396;4;2.85
397;4;2.75
398;4;2.8
399;4;2.75
400;4;2.85
401;4;2.65
402;4;2.7
403;4;2.7
404;4;2.7
405;4;2.85
406;4;2.55
407;4;2.65
408;4;2.8
409;4;2.65
410;4;2.7
411;4;2.9
412;4;2.75
413;4;2.9
414;4;2.65
415;4;2.75
416;4;2.75
417;4;2.7
418;4;2.55
419;4;2.8
420;4;2.65
421;4;2.65
422;4;2.85
423;4;2.55
424;4;2.75
425;4;2.75
426;4;2.95
427;4;2.75
428;4;2.7
429;4;2.8
430;4;2.8
431;4;2.75
432;4;2.55
433;4;2.65
434;4;2.7
435;4;2.55
436;4;2.65
437;4;2.75
438;4;2.6
439;4;2.65
440;4;2.6
441;4;2.6
442;4;2.75
443;4;2.75
444;4;2.85
445;4;2.9
446;4;2.85
447;4;2.9
448;4;2.85
449;4;2.85
450;4;2.7
451;4;2.65
452;4;2.6
453;4;2.95
454;4;2.6
455;4;2.9
456;4;2.9
457;4;2.9
458;4;2.7
459;4;2.9
460;4;2.8
461;4;2.7
462;4;2.8
463;4;2.95
464;4;2.95
465;4;2.85
466;4;2.9
467;4;2.95
468;4;2.75
469;4;2.7
470;4;2.7
471;4;2.7
472;4;2.8
473;4;3.0
474;4;3.0
475;4;2.95
476;4;3.0
477;4;2.85
478;4;3.0
479;4;2.95
480;4;3.0
481;4;2.75
482;4;3.05
483;4;2.8
484;4;3.0
485;4;3.25
486;4;2.9
487;4;2.7
488;4;2.9
489;4;2.85
490;4;3.0
491;4;2.8
492;4;3.0
493;4;2.65
494;4;2.8
495;4;2.6
496;4;2.75
497;4;3.0
498;4;3.0
499;4;2.95
500;4;3.1
501;4;2.8
502;4;2.95
503;4;2.95
504;4;3.0
505;4;3.0
506;4;2.75
507;4;3.0
508;4;3.0
509;4;2.8
510;4;3.05
511;4;2.85
512;4;2.95
513;4;3.0
514;4;3.0
515;4;3.0
516;4;2.85
517;4;3.25
518;4;3.0
519;4;3.1
520;4;3.1
521;4;3.1
522;4;2.95
523;4;2.95
524;4;3.3
525;4;3.15
526;4;3.25
527;4;3.1
528;4;3.3
529;4;3.15
530;4;3.1
531;4;3.25
532;4;3.15
533;4;3.1
534;4;3.4
535;4;3.55
536;4;3.2
537;4;3.3
538;4;3.35
539;4;3.25
540;4;3.25
541;4;3.35
542;4;3.35
543;4;3.3
544;4;3.6
545;4;3.25
546;4;3.2
547;4;3.55
548;4;3.3
549;4;3.3
550;4;3.75
551;4;3.4
552;4;3.2
553;4;3.35
554;4;3.3
555;4;3.15
556;4;3.2
557;4;3.2
558;4;3.5
559;4;3.4
560;4;3.1
561;4;3.4
562;4;3.45
563;4;3.65
564;4;3.3
565;4;3.55
566;4;3.25
567;4;3.15
568;4;3.3
569;4;3.2
570;4;3.4
571;4;3.2
572;4;3.2
573;4;3.25
574;4;3.25
575;4;3.25
576;4;3.3
577;4;3.45
578;4;3.3
579;4;3.15
580;4;3.05
581;4;3.15
582;4;3.15
583;4;3.2
584;4;3.15
585;4;3.3
586;4;3.25
587;4;3.25
588;4;3.4
589;4;3.15
590;4;3.4
591;4;3.3
592;4;3.1
593;4;3.15
594;4;3.25
595;4;3.25
596;4;3.5
597;4;3.35
598;4;3.2
599;4;3.15
600;4;2.95
601;4;3.05
602;4;3.4
603;4;3.35
604;4;3.25
605;4;3.45
606;4;3.4
607;4;3.25
608;4;3.15
609;4;3.2
610;4;3.05
611;4;3.25
612;4;3.2
613;4;3.2
614;4;2.95
615;4;3.3
616;4;3.2
617;4;3.6
618;4;3.25
619;4;3.15
620;4;3.35
621;4;3.25
622;4;3.25
623;4;3.2
624;4;3.2
625;4;3.2
626;4;3.3
627;4;3.1
628;4;3.1
629;4;3.1
630;4;3.25
631;4;3.2
632;4;3.3
633;4;3.4
634;4;3.2
635;4;2.9
636;4;3.1
637;4;3.3
638;4;3.3
639;4;3.35
640;4;3.25
641;4;3.25
642;4;3.3
643;4;3.3
644;4;3.5
645;4;3.25
646;4;3.3
647;4;3.1
648;4;3.15
649;4;3.15
650;4;3.2
651;4;3.1
652;4;3.3
653;4;3.15
654;4;3.35
655;4;3.1
656;4;3.15
657;4;2.95
658;4;2.8
659;4;3.3
660;4;3.05
661;4;2.95
662;4;3.15
663;4;3.15
664;4;2.95
665;4;3.45
666;4;3.35
667;4;3.4
668;4;3.35
669;4;3.3
670;4;3.15
671;4;3.15
672;4;3.3
673;4;3.1
674;4;3.15
675;4;3.25
676;4;3.2
677;4;3.0
678;4;2.8
679;4;3.0
680;4;3.2
681;4;3.05
682;4;3.4
683;4;3.15
684;4;3.1
685;4;3.2
686;4;3.25
687;4;3.05
688;4;3.15
689;4;3.15
690;4;3.3
691;4;3.3
692;4;3.3
693;4;3.1
694;4;3.0
695;4;3.15
696;4;3.35
697;4;3.45
698;4;3.3
699;4;3.4
700;4;3.5
701;4;3.35
702;4;3.2
703;4;3.25
704;4;3.2
705;4;3.15
706;4;3.2
707;4;3.1
708;4;3.35
709;4;3.2
710;4;2.95
711;4;3.5
712;4;2.9
713;4;3.1
714;4;3.1
715;4;3.2
716;4;3.2
717;4;3.1
718;4;3.3
719;4;3.2
720;4;2.85
721;4;3.15
722;4;3.3
723;4;3.2
724;4;3.15
725;4;3.35
726;4;3.4
727;4;3.6
728;4;3.1
729;4;2.9
730;4;3.05
731;4;3.2
732;4;3.0
733;4;3.45
734;4;3.3
735;4;3.0
736;4;3.1
737;4;3.2
738;4;3.05
739;4;3.1
740;4;3.2
741;4;3.25
742;4;3.0
743;4;2.95
744;4;2.85
745;4;3.4
746;4;3.2
747;4;3.25
748;4;2.95
749;4;2.75
750;4;3.2
751;4;3.3
752;4;3.15
753;4;3.3
754;4;3.35
755;4;3.0
756;4;2.9
757;4;2.85
758;4;3.2
759;4;3.3
760;4;3.55
761;4;3.1
762;4;3.25
763;4;3.05
764;4;3.1
765;4;3.05
766;4;3.0
767;4;3.1
768;4;3.4
769;4;3.4
770;4;3.35
771;4;3.3
772;4;3.2
773;4;3.4
774;4;3.0
775;4;3.2
776;4;3.2
777;4;3.4
778;4;3.35
779;4;3.15
780;4;3.15
781;4;3.05
782;4;3.05
783;4;3.1
784;4;3.4
785;4;3.3
786;4;3.1
787;4;3.45
788;4;2.95
789;4;3.25
790;4;3.1
791;4;3.35
792;4;3.2
793;4;3.2
794;4;3.25
795;4;3.25
796;4;2.9
797;4;3.45
798;4;3.3
799;4;2.95
800;4;3.0
801;4;3.3
802;4;3.1
803;4;2.95
804;4;3.2
805;4;3.2
806;4;3.1
807;4;3.25
808;4;3.2
809;4;3.05
810;4;3.1
811;4;3.35
812;4;3.25
813;4;3.1
814;4;3.0
815;4;3.25
816;4;3.25
817;4;3.25
818;4;3.5
819;4;3.35
820;4;3.35
821;4;3.15
822;4;3.4
823;4;3.25
824;4;2.95
825;4;3.3
826;4;3.2
827;4;3.25
828;4;3.15
829;4;3.25
830;4;3.3
831;4;3.2
832;4;3.4
833;4;3.3
834;4;3.2
835;4;2.75
836;4;3.45
837;4;3.15
838;4;3.35
839;4;3.25
840;4;3.1
841;4;3.1
842;4;3.1
843;4;3.1
844;4;3.2
845;4;3.2
846;4;3.1
847;4;3.35
848;4;3.05
849;4;3.35
850;4;3.2
851;4;3.4
852;4;3.55
853;4;3.35
854;4;3.45
855;4;3.15
856;4;3.1
857;4;3.35
858;4;3.3
859;4;3.15
860;4;3.2
861;4;3.2
862;4;3.3
863;4;3.05
864;4;3.55
865;4;3.3
866;4;3.2
867;4;3.25
868;4;3.15
869;4;3.35
870;4;3.15
871;4;3.0
872;4;2.9
873;4;3.05
874;4;3.4
875;4;3.1
876;4;3.05
877;4;3.3
878;4;3.3
879;4;3.25
880;4;3.2
881;4;3.05
882;4;3.25
883;4;3.1
884;4;3.05
885;4;3.1
886;4;3.3
887;4;3.05
888;4;3.25
889;4;2.9
890;4;3.2
891;4;3.0
892;4;3.3
893;4;3.2
894;4;3.2
895;4;3.35
896;4;3.35
897;4;3.35
898;4;3.2
899;4;3.2
900;4;3.2
901;4;3.0
902;4;3.2
903;4;3.35
904;4;3.2
905;4;3.1
906;4;3.5
907;4;3.25
908;4;3.3
909;4;2.95
910;4;3.2
911;4;3.2
912;4;2.95
913;4;3.25
914;4;3.2
915;4;3.2
916;4;3.3
917;4;3.35
918;4;3.15
919;4;3.2
920;4;3.0
921;4;2.9
922;4;3.15
923;4;3.35
924;4;2.8
925;4;2.85
926;4;2.9
927;4;3.05
928;4;2.75
929;4;2.95
930;4;2.95
931;4;3.25
932;4;3.05
933;4;2.85
934;4;2.9
935;4;3.3
936;4;3.0
937;4;3.15
938;4;3.05
939;4;3.3
940;4;3.05
941;4;3.0
942;4;2.9
943;4;3.0
944;4;3.4
945;4;3.0
946;4;3.2
947;4;2.95
948;4;3.0
949;4;2.9
950;4;3.2
951;4;2.85
952;4;3.05
953;4;3.2
954;4;3.35
955;4;2.95
956;4;2.95
957;4;2.85
958;4;2.9
959;4;2.95
960;4;3.35
961;4;3.4
962;4;3.2
963;4;3.25
964;4;3.1
965;4;3.05
966;4;2.95
967;4;3.1
968;4;3.2
969;4;3.0
970;4;3.2
971;4;3.25
972;4;3.05
973;4;3.15
974;4;2.95
975;4;2.95
976;4;3.0
977;4;3.0
978;4;3.1
979;4;3.1
980;4;3.0
981;4;2.85
982;4;3.1
983;4;3.15
984;4;3.2
985;4;3.5
986;4;3.1
987;4;3.25
988;4;2.85
989;4;3.3
990;4;3.1
991;4;3.15
992;4;3.25
993;4;3.3
994;4;3.1
995;4;2.95
996;4;3.05
997;4;3.4
998;4;2.95
999;4;2.95
1000;4;3.2
1001;4;3.45
1002;4;3.2
1003;4;3.1
1004;4;3.2
1005;4;3.2
1006;4;3.1
1007;4;3.05
1008;4;3.2
1009;4;3.2
1010;4;3.4
1011;4;3.35
1012;4;3.2
1013;4;3.3
1014;4;3.1
1015;4;3.1
1016;4;3.15
1017;4;3.15
1018;4;2.9
1019;4;3.15
1020;4;3.3
1021;4;3.15
1022;4;3.25
1023;4;3.2
1024;4;3.25
1025;4;3.1
1026;4;2.95
1027;4;3.2
1028;4;3.1
1029;4;3.25
1030;4;3.15
1031;4;3.05
1032;4;3.05
1033;4;3.15
1034;4;2.9
1035;4;3.25
1036;4;3.3
1037;4;3.6
1038;4;3.35
1039;4;2.95
1040;4;3.1
1041;4;3.1
1042;4;3.25
1043;4;3.05
1044;4;3.0
1045;4;3.0
1046;4;2.95
1047;4;3.25
1048;4;2.8
1049;4;2.95
1050;4;3.5
1051;4;3.2
1052;4;3.4
1053;4;3.15
1054;4;3.15
1055;4;3.2
1056;4;3.0
1057;4;3.1
1058;4;3.35
1059;4;3.2
1060;4;3.15
1061;4;3.3
1062;4;3.15
1063;4;3.15
1064;4;3.1
1065;4;3.0
1066;4;2.95
1067;4;3.1
1068;4;2.95
1069;4;3.2
1070;4;3.15
1071;4;3.05
1072;4;3.0
1073;4;2.95
1074;4;3.2
1075;4;2.9
1076;4;2.9
1077;4;2.8
1078;4;3.15
1079;4;3.1
1080;4;3.25
1081;4;3.1
1082;4;3.2
1083;4;3.25
1084;4;3.1
1085;4;3.2
1086;4;3.4
1087;4;3.5
1088;4;3.45
1089;4;3.25
1090;4;3.1
1091;4;2.95
1092;4;3.05
1093;4;2.95
1094;4;3.2
1095;4;3.3
1096;4;2.95
1097;4;3.2
1098;4;3.2
1099;4;3.25
1100;4;3.1
1101;4;3.3
1102;4;2.9
1103;4;3.25
1104;4;3.2
1105;4;3.35
1106;4;3.1
1107;4;2.75
1108;4;3.1
1109;4;3.4
1110;4;3.2
1111;4;3.45
1112;4;3.6
1113;4;3.65
1114;4;3.2
1115;4;3.35
1116;4;3.2
1117;4;3.05
1118;4;3.1
1119;4;3.2
1120;4;3.25
1121;4;3.4
1122;4;3.35
1123;4;3.2
1124;4;3.4
1125;4;3.25
1126;4;3.0
1127;4;3.25
1128;4;3.05
1129;4;3.3
1130;4;3.35
1131;4;3.1
1132;4;3.4
1133;4;3.2
1134;4;3.65
1135;4;3.25
1136;4;3.35
1137;4;3.2
1138;4;3.05
1139;4;3.3
1140;4;2.95
1141;4;3.35
1142;4;3.3
1143;4;3.3
1144;4;3.35
1145;4;3.15
1146;4;3.0
1147;4;3.35
1148;4;3.2
1149;4;3.35
1150;4;3.1
1151;4;3.25
1152;4;3.05
1153;4;3.2
1154;4;3.15
1155;4;3.2
1156;4;3.1
1157;4;3.25
1158;4;3.15
1159;4;3.25
1160;4;3.15
1161;4;3.1
1162;4;2.9
1163;4;3.2
1164;4;3.3
1165;4;3.2
1166;4;3.3
1167;4;3.1
1168;4;3.0
1169;4;3.05
1170;4;3.05
1171;4;3.2
1172;4;3.35
1173;4;3.3
1174;4;3.2
1175;4;3.25
1176;4;3.05
1177;4;3.15
1178;4;3.1
1179;4;3.2
1180;4;3.25
1181;4;3.05
1182;4;3.1
1183;4;3.1
1184;4;3.1
1185;4;3.15
1186;4;3.1
1187;4;3.3
1188;4;3.15
1189;4;3.1
1190;4;3.25
1191;4;3.3
1192;4;3.25
1193;4;3.1
1194;4;3.1
1195;4;3.25
1196;4;3.2
1197;4;3.15
1198;4;3.3
1199;4;3.35
1200;4;2.85
1201;4;3.1
1202;4;3.3
1203;4;3.25
1204;4;3.2
1205;4;3.1
1206;4;2.95
1207;4;3.15
1208;4;3.25
1209;4;3.25
1210;4;3.4
1211;4;3.2
1212;4;3.05
1213;4;3.1
1214;4;3.45
1215;4;3.2
1216;4;3.1
1217;4;2.95
1218;4;3.1
1219;4;3.25
1220;4;3.2
1221;4;3.1
1222;4;3.1
1223;4;3.25
1224;4;3.3
1225;4;3.25
1226;4;3.4
1227;4;3.2
1228;4;3.3
1229;4;3.1
1230;4;3.05
1231;4;3.3
1232;4;3.25
1233;4;3.15
1234;4;3.2
1235;4;3.1
1236;4;2.75
1237;4;3.15
1238;4;2.95
1239;4;3.45
1240;4;3.55
1241;4;3.2
1242;4;3.3
1243;4;3.2
1244;4;3.4
1245;4;3.15
1246;4;3.2
1247;4;3.0
1248;4;3.2
1249;4;3.2
1250;4;3.15
1251;4;3.25
1252;4;3.2
1253;4;3.15
1254;4;3.2
1255;4;3.05
1256;4;3.05
1257;4;2.9
1258;4;3.65
1259;4;3.1
1260;4;3.2
1261;4;3.4
1262;4;3.05
1263;4;3.4
1264;4;3.35
1265;4;3.2
1266;4;3.25
1267;4;2.9
1268;4;3.5
1269;4;3.4
1270;4;3.2
1271;4;3.2
1272;4;3.45
1273;4;3.25
1274;4;3.25
1275;4;3.2
1276;4;3.2
1277;4;3.1
1278;4;3.1
1279;4;3.45
1280;4;3.15
1281;4;3.3
1282;4;3.25
1283;4;3.1
1284;4;2.95
1285;4;3.1
1286;4;2.85
1287;4;3.0
1288;4;2.9
1289;4;3.45
1290;4;3.25
1291;4;3.0
1292;4;3.15
1293;4;3.1
1294;4;3.1
1295;4;3.15
1296;4;3.3
1297;4;3.35
1298;4;3.2
1299;4;3.3
1300;4;3.0
1301;4;2.7
1302;4;3.35
1303;4;3.3
1304;4;3.1
1305;4;2.8
1306;4;3.4
1307;4;3.2
1308;4;3.1
1309;4;3.15
1310;4;3.15
1311;4;3.3
1312;4;3.2
1313;4;3.3
1314;4;2.8
1315;4;3.2
1316;4;3.1
1317;4;3.1
1318;4;3.1
1319;4;3.3
1320;4;3.1
1321;4;3.0
1322;4;3.2
1323;4;3.3
1324;4;3.1
1325;4;3.15
1326;4;2.9
1327;4;3.2
1328;4;3.3
1329;4;3.2
1330;4;3.3
1331;4;3.3
1332;4;3.35
1333;4;3.1
1334;4;3.3
1335;4;3.1
1336;4;3.3
1337;4;3.25
1338;4;3.25
1339;4;3.15
1340;4;3.35
1341;4;2.95
1342;4;3.15
1343;4;3.2
1344;4;3.2
1345;4;3.0
1346;4;3.1
1347;4;3.05
1348;4;3.35
1349;4;3.4
1350;4;3.1
1351;4;2.9
1352;4;3.2
1353;4;3.3
1354;4;3.2
1355;4;3.2
1356;4;3.1
1357;4;3.35
1358;4;3.3
1359;4;2.75
1360;4;3.0
1361;4;3.05
1362;4;3.15
1363;4;2.95
1364;4;3.1
1365;4;3.25
1366;4;3.15
1367;4;3.2
1368;4;3.25
1369;4;3.35
1370;4;3.3
1371;4;3.2
1372;4;3.35
1373;4;2.85
1374;4;3.2
1375;4;3.15
1376;4;3.1
1377;4;3.35
1378;4;3.1
1379;4;3.3
1380;4;3.25
1381;4;3.15
1382;4;3.2
1383;4;3.25
1384;4;3.1
1385;4;3.0
1386;4;3.3
1387;4;3.35
1388;4;3.1
1389;4;3.2
1390;4;3.35
1391;4;2.95
1392;4;3.3
1393;4;3.35
1394;4;3.1
1395;4;3.05
1396;4;3.35
1397;4;3.15
1398;4;3.3
1399;4;3.0
1400;4;3.35
1401;4;3.3
1402;4;3.1
1403;4;3.15
1404;4;3.1
1405;4;2.95
1406;4;3.2
1407;4;3.05
1408;4;3.05
1409;4;3.2
1410;4;3.15
1411;4;3.2
1412;4;3.35
1413;4;3.0
1414;4;3.2
1415;4;3.35
1416;4;3.25
1417;4;3.35
1418;4;3.3
1419;4;3.2
1420;4;3.25
1421;4;3.35
1422;4;3.2
1423;4;3.05
1424;4;3.35
1425;4;2.85
1426;4;3.15
1427;4;3.3
1428;4;3.35
1429;4;3.05
1430;4;3.05
1431;4;3.15
1432;4;3.2
1433;4;3.15
1434;4;3.15
1435;4;3.0
1436;4;3.1
1437;4;3.25
1438;4;3.25
1439;4;3.15
1440;4;3.1
1441;4;3.2
1442;4;3.1
1443;4;2.9
1444;4;2.8
1445;4;3.2
1446;4;3.2
1447;4;3.15
1448;4;3.1
1449;4;3.05
1450;4;3.0
1451;4;3.3
1452;4;3.3
1453;4;3.1
1454;4;3.2
1455;4;3.35
1456;4;3.15
1457;4;3.15
1458;4;3.15
1459;4;3.15
1460;4;3.2
1461;4;3.15
1462;4;3.15
1463;4;3.15
1464;4;3.05
1465;4;2.8
1466;4;3.15
1467;4;3.15
1468;4;3.0
1469;4;2.95
1470;4;3.2
1471;4;3.2
1472;4;3.15
1473;4;3.2
1474;4;3.2
1475;4;3.15
1476;4;3.25
1477;4;3.3
1478;4;2.95
1479;4;3.1
1480;4;3.0
1481;4;3.2
1482;4;3.1
1483;4;3.1
1484;4;3.05
1485;4;3.2
1486;4;3.0
1487;4;3.0
1488;4;3.15
1489;4;3.05
1490;4;3.2
1491;4;3.2
1492;4;3.15
1493;4;3.2
1494;4;3.35
1495;4;3.15
1496;4;3.3
1497;4;3.2
1498;4;3.05
1499;4;3.25
1500;4;3.3
1501;4;2.9
1502;4;3.35
1503;4;3.25
1504;4;3.1
1505;4;3.0
1506;4;3.25
1507;4;3.1
1508;4;3.1
1509;4;2.95
1510;4;3.15
1511;4;3.1
1512;4;3.15
1513;4;3.25
1514;4;3.35
1515;4;3.4
1516;4;3.1
1517;4;3.05
1518;4;3.25
1519;4;3.2
1520;4;3.35
1521;4;3.3
1522;4;3.15
1523;4;3.2
1524;4;3.05
1525;4;3.3
1526;4;2.95
1527;4;3.15
1528;4;3.35
1529;4;3.2
1530;4;2.95
1531;4;3.35
1532;4;3.05
1533;4;3.1
1534;4;3.15
1535;4;3.4
1536;4;3.15
1537;4;3.2
1538;4;3.1
1539;4;3.3
1540;4;3.3
1541;4;3.25
1542;4;3.3
1543;4;3.15
1544;4;2.95
1545;4;2.8
1546;4;3.2
1547;4;3.1
1548;4;3.15
1549;4;3.2
1550;4;3.35
1551;4;3.2
1552;4;2.75
1553;4;3.4
1554;4;3.1
1555;4;3.35
1556;4;3.25
1557;4;3.3
1558;4;3.1
1559;4;3.25
1560;4;3.0
1561;4;3.5
1562;4;3.4
1563;4;3.3
1564;4;3.1
1565;4;3.0
1566;4;2.95
1567;4;2.85
1568;4;3.35
1569;4;3.2
1570;4;3.5
1571;4;3.2
1572;4;3.4
1573;4;3.4
1574;4;3.1
1575;4;3.15
1576;4;3.05
1577;4;3.3
1578;4;2.95
1579;4;2.9
1580;4;3.05
1581;4;3.0
1582;4;2.8
1583;4;3.05
1584;4;3.3
1585;4;3.1
1586;4;3.1
1587;4;2.8
1588;4;2.95
1589;4;3.2
1590;4;3.2
1591;4;3.1
1592;4;3.15
1593;4;3.2
1594;4;2.95
1595;4;2.95
1596;4;3.3
1597;4;3.25
1598;4;3.0
1599;4;3.1
1600;4;3.15
1601;4;2.95
1602;4;2.9
1603;4;3.15
1604;4;2.95
1605;4;3.1
1606;4;3.2
1607;4;3.15
1608;4;3.3
1609;4;3.1
1610;4;3.1
1611;4;2.9
1612;4;3.0
1613;4;3.05
1614;4;2.9
1615;4;3.2
1616;4;2.85
1617;4;3.15
1618;4;2.85
1619;4;3.1
1620;4;3.15
1621;4;3.2
1622;4;3.2
1623;4;3.1
1624;4;2.85
1625;4;2.9
1626;4;3.15
1627;4;3.2
1628;4;3.1
1629;4;3.15
1630;4;3.3
1631;4;3.1
1632;4;3.2
1633;4;2.85
1634;4;3.4
1635;4;3.05
1636;4;2.75
1637;4;3.3
1638;4;2.9
1639;4;3.15
1640;4;3.0
1641;4;2.95
1642;4;2.85
1643;4;3.0
1644;4;2.95
1645;4;2.95
1646;4;3.1
1647;4;3.1
1648;4;3.2
1649;4;3.2
1650;4;3.1
1651;4;3.1
1652;4;3.15
1653;4;2.75
1654;4;3.25
1655;4;2.75
1656;4;2.9
1657;4;2.7
1658;4;2.9
1659;4;3.1
1660;4;3.1
1661;4;3.1
1662;4;3.2
1663;4;3.3
1664;4;3.15
1665;4;3.25
1666;4;3.25
1667;4;3.15
1668;4;2.9
1669;4;3.35
1670;4;3.05
1671;4;3.1
1672;4;3.05
1673;4;3.2
1674;4;3.4
1675;4;2.95
1676;4;3.2
1677;4;3.4
1678;4;3.25
1679;4;3.05
1680;4;2.9
1681;4;3.2
1682;4;3.15
1683;4;3.35
1684;4;3.1
1685;4;3.05
1686;4;3.3
1687;4;3.4
1688;4;3.25
1689;4;3.2
1690;4;3.1
1691;4;3.1
1692;4;3.0
1693;4;3.1
1694;4;3.0
1695;4;3.2
1696;4;2.7
1697;4;3.35
1698;4;3.15
1699;4;2.9
1700;4;3.0
1701;4;2.95
1702;4;2.9
1703;4;3.05
1704;4;3.15
1705;4;3.35
1706;4;3.15
1707;4;3.25
1708;4;3.15
1709;4;2.75
1710;4;3.2
1711;4;2.95
1712;4;3.25
1713;4;3.2
1714;4;3.2
1715;4;3.3
1716;4;2.95
1717;4;3.2
1718;4;3.3
1719;4;2.85
1720;4;3.1
1721;4;3.05
1722;4;3.0
1723;4;3.1
1724;4;3.1
1725;4;3.25
1726;4;3.25
1727;4;3.1
1728;4;3.0
1729;4;3.15
1730;4;3.05
1731;4;2.95
1732;4;3.2
1733;4;3.0
1734;4;3.3
1735;4;2.9
1736;4;2.85
1737;4;2.7
1738;4;2.9
1739;4;3.1
1740;4;2.85
1741;4;2.95
1742;4;2.95
1743;4;3.0
1744;4;2.95
1745;4;3.05
1746;4;2.9
1747;4;3.1
1748;4;3.3
1749;4;3.0
1750;4;3.05
1751;4;2.9
1752;4;3.15
1753;4;2.8
1754;4;2.7
1755;4;2.9
1756;4;3.15
1757;4;2.75
1758;4;3.3
1759;4;3.35
1760;4;3.2
1761;4;3.1
1762;4;3.25
1763;4;3.4
1764;4;3.05
1765;4;2.8
1766;4;3.0
1767;4;2.9
1768;4;3.2
1769;4;3.2
1770;4;2.8
1771;4;3.0
1772;4;3.0
1773;4;2.9
1774;4;3.1
1775;4;3.35
1776;4;2.7
1777;4;3.1
1778;4;3.0
1779;4;3.05
1780;4;3.05
1781;4;3.1
1782;4;3.45
1783;4;3.1
1784;4;2.75
1785;4;2.95
1786;4;3.05
1787;4;2.95
1788;4;3.25
1789;4;3.3
1790;4;3.05
1791;4;2.85
1792;4;3.4
1793;4;2.95
1794;4;2.75
1795;4;3.1
1796;4;3.1
1797;4;3.3
1798;4;3.45
1799;4;2.85
1800;4;3.1
1801;4;3.35
1802;4;2.8
1803;4;2.75
1804;4;3.1
1805;4;3.05
1806;4;2.9
1807;4;2.85
1808;4;3.05
1809;4;3.15
1810;4;3.2
1811;4;2.95
1812;4;3.1
1813;4;2.95
1814;4;2.95
1815;4;3.1
1816;4;3.05
1817;4;3.15
1818;4;2.95
1819;4;3.15
1820;4;3.15
1821;4;3.05
1822;4;3.1
1823;4;2.95
1824;4;3.05
1825;4;3.1
1826;4;3.0
1827;4;3.15
1828;4;2.9
1829;4;3.05
1830;4;2.95
1831;4;3.15
1832;4;3.05
1833;4;3.05
1834;4;3.2
1835;4;3.3
1836;4;3.1
1837;4;2.85
1838;4;3.4
1839;4;3.3
1840;4;3.05
1841;4;2.85
1842;4;3.15
1843;4;3.35
1844;4;3.2
1845;4;3.0
1846;4;2.95
1847;4;3.15
1848;4;3.4
1849;4;2.9
1850;4;3.0
1851;4;3.05
1852;4;3.15
1853;4;2.9
1854;4;2.9
1855;4;2.9
1856;4;3.15
1857;4;3.05
1858;4;3.15
1859;4;3.25
1860;4;3.0
1861;4;3.3
1862;4;3.1
1863;4;3.0
1864;4;3.4
1865;4;3.15
1866;4;3.35
1867;4;3.0
1868;4;3.2
1869;4;3.3
1870;4;3.25
1871;4;3.2
1872;4;3.1
1873;4;2.65
1874;4;2.85
1875;4;3.05
1876;4;3.4
1877;4;2.95
1878;4;3.25
1879;4;3.05
1880;4;3.0
1881;4;2.85
1882;4;2.95
1883;4;3.1
1884;4;3.1
1885;4;2.95
1886;4;3.25
1887;4;2.95
1888;4;3.2
1889;4;3.15
1890;4;3.25
1891;4;3.2
1892;4;3.1
1893;4;2.75
1894;4;2.95
1895;4;3.35
1896;4;3.0
1897;4;2.95
1898;4;2.9
1899;4;3.25
1900;4;2.95
1901;4;3.2
1902;4;2.9
1903;4;2.8
1904;4;3.0
1905;4;3.45
1906;4;3.0
1907;4;3.15
1908;4;3.1
1909;4;3.45
1910;4;3.45
1911;4;3.25
1912;4;3.2
1913;4;3.45
1914;4;3.2
1915;4;3.15
1916;4;2.75
1917;4;3.1
1918;4;3.2
1919;4;3.25
1920;4;3.45
1921;4;3.2
1922;4;3.55
1923;4;3.3
1924;4;2.85
1925;4;3.1
1926;4;3.2
1927;4;3.15
1928;4;2.8
1929;4;3.45
1930;4;2.9
1931;4;2.95
1932;4;3.15
1933;4;3.1
1934;4;2.85
1935;4;3.1
1936;4;3.05
1937;4;3.2
1938;4;3.15
1939;4;3.2
1940;4;2.85
1941;4;2.95
1942;4;3.05
1943;4;3.15
1944;4;3.1
1945;4;3.15
1946;4;2.8
1947;4;3.0
1948;4;3.15
1949;4;2.95
1950;4;3.05
1951;4;3.05
1952;4;3.0
1953;4;3.15
1954;4;2.85
1955;4;3.05
1956;4;2.8
1957;4;3.15
1958;4;3.2
1959;4;3.2
1960;4;3.0
1961;4;3.2
1962;4;3.2
1963;4;3.4
1964;4;3.35
1965;4;3.1
1966;4;2.8
1967;4;2.9
1968;4;2.95
1969;4;3.2
1970;4;3.1
1971;4;2.95
1972;4;3.1
1973;4;3.25
1974;4;3.55
1975;4;3.4
1976;4;3.3
1977;4;3.1
1978;4;2.75
1979;4;2.9
1980;4;3.1
1981;4;3.0
1982;4;3.15
1983;4;2.75
1984;4;3.05
1985;4;3.15
1986;4;3.05
1987;4;2.75
1988;4;3.1
1989;4;2.8
1990;4;3.15
1991;4;2.8
1992;4;3.0
1993;4;3.1
1994;4;3.15
1995;4;2.7
1996;4;2.95
1997;4;3.2
1998;4;2.9
1999;4;3.25
2000;4;3.0
Meranie: 19
0;2;1.05
1;2;1.15
2;2;1.35
3;2;1.65
4;2;1.8
5;2;1.8
6;2;1.85
7;2;1.75
8;2;2.1
9;2;1.8
10;2;2.0
11;3;2.05
12;3;2.15
13;3;2.2
14;3;2.2
15;3;2.2
16;3;2.2
17;3;2.2
18;3;2.15
19;3;2.2
20;3;2.2
21;3;2.2
22;3;2.2
23;3;2.2
24;3;2.0
25;3;2.05
26;3;2.2
27;3;2.25
28;3;2.25
29;3;2.25
30;3;2.25
31;3;2.25
32;3;2.3
33;3;2.15
34;3;2.3
35;3;2.3
36;3;2.3
37;3;2.3
38;3;2.35
39;3;2.25
40;3;2.35
41;3;2.25
42;3;2.4
43;3;2.2
44;3;2.4
45;3;2.3
46;3;2.4
47;3;2.35
48;3;2.35
49;3;2.55
50;3;2.4
51;3;2.55
52;3;2.6
53;3;2.55
54;3;2.6
55;3;2.65
56;3;2.6
57;3;2.65
58;3;2.55
59;3;2.7
60;3;2.5
61;3;2.6
62;3;2.65
63;3;2.75
64;4;2.75
65;4;2.85
66;4;2.65
67;4;2.65
68;4;2.7
69;4;2.7
70;4;2.65
71;4;2.7
72;4;2.7
73;4;2.7
74;4;2.7
75;4;2.7
76;4;2.65
77;4;2.75
78;4;2.75
79;4;2.8
80;4;2.7
81;4;2.65
82;4;2.65
83;4;2.75
84;4;2.8
85;4;2.8
86;4;2.7
87;4;2.8
88;4;2.7
89;4;2.7
90;4;2.85
91;4;2.8
92;4;2.95
93;4;2.8
94;4;2.85
Meranie: 20
0;2;1.25
1;2;1.3
2;2;1.55
3;2;1.9
4;2;1.95
5;2;2.0
6;2;2.1
7;2;2.1
8;2;2.1
9;3;2.0
10;3;2.15
11;3;2.05
12;3;2.1
13;3;2.15
14;3;2.15
15;3;2.1
16;3;2.0
17;3;2.2
18;3;2.15
19;3;2.2
20;3;2.1
21;3;2.2
22;3;2.2
23;3;2.25
24;3;2.25
25;3;2.25
26;3;2.25
27;3;2.25
28;3;2.25
29;3;2.25
30;3;2.2
31;3;2.25
32;3;2.25
33;3;2.25
34;3;2.1
35;3;2.25
36;3;2.25
37;3;2.2
38;3;2.25
39;3;2.25
40;3;2.25
41;3;2.3
42;3;2.35
43;3;2.35
44;3;2.4
45;3;2.05
46;3;2.3
47;3;2.4
48;3;2.3
49;3;2.3
50;3;2.35
51;3;2.4
52;3;2.4
53;3;2.4
54;3;2.4
55;3;2.4
56;3;2.4
57;3;2.4
58;3;2.4
59;3;2.45
60;3;2.45
61;3;2.35
62;3;2.45
63;3;2.45
64;3;2.3
65;3;2.3
66;3;2.55
67;3;2.5
68;3;2.3
69;3;2.55
70;3;2.55
71;3;2.55
72;3;2.35
73;3;2.5
74;3;2.45
75;3;2.3
76;3;2.15
77;3;2.55
78;3;2.6
79;3;2.6
80;3;2.55
81;3;2.5
82;3;2.6
83;3;2.6
84;3;2.6
85;3;2.6
86;3;2.35
87;3;2.35
88;3;2.6
89;3;2.6
90;3;2.5
91;3;2.5
92;3;2.6
93;3;2.5
94;3;2.6
95;3;2.7
96;3;2.65
97;3;2.65
98;4;2.75
99;4;2.65
100;4;2.7
101;4;2.65
102;4;2.75
103;4;2.75
104;4;2.7
105;4;2.7
106;4;2.7
107;4;2.8
108;4;2.7
109;4;2.75
110;4;2.7
111;4;2.75
112;4;2.75
113;4;2.7
114;4;2.7
115;4;2.75
116;4;2.7
117;4;2.75
118;4;2.7
119;4;2.7
120;4;2.7
121;4;2.75
122;4;2.7
123;4;2.7
124;4;2.75
125;4;2.75
126;4;2.7
127;4;2.85
128;4;2.75
129;4;2.65
130;4;2.75
131;4;2.75
132;4;2.85
133;4;2.95
134;4;2.85
135;4;2.8
136;4;2.8
137;4;2.8
138;4;2.7
139;4;2.8
140;4;2.8
141;4;2.85
142;4;2.8
143;4;2.8
144;4;2.8
145;4;2.8
146;4;2.85
147;4;2.8
148;4;2.8
149;4;2.8
150;4;2.8
151;4;2.85
152;4;2.85
153;4;2.8
154;4;2.85
155;4;2.8
156;4;2.8
157;4;2.85
158;4;2.85
159;4;2.8
160;4;2.85
161;4;2.8
162;4;2.85
163;4;2.65
164;4;2.8
165;4;2.7
166;4;2.8
167;4;2.8
168;4;2.8
169;4;2.85
170;4;2.8
171;4;2.8
172;4;2.8
173;4;2.8
174;4;2.8
175;4;2.8
176;4;2.8
177;4;2.8
178;4;2.8
179;4;2.8
180;4;2.8
181;4;3.0
182;4;2.85
183;4;2.9
184;4;2.85
185;4;2.85
186;4;2.85
187;4;2.85
188;4;2.85
189;4;2.85
190;4;2.85
191;4;3.05
192;4;2.85
193;4;2.9
194;4;2.95
195;4;2.95
196;4;2.9
197;4;2.9
198;4;2.9
199;4;3.0
200;4;3.0
201;4;2.9
202;4;2.75
203;4;2.9
204;4;2.9
205;4;2.85
206;4;2.95
207;4;2.95
208;4;2.95
209;4;2.9
210;4;2.9
211;4;3.05
212;4;2.9
213;4;2.95
214;4;2.9
215;4;2.9
216;4;2.95
217;4;2.95
218;4;2.95
219;4;2.95
220;4;2.85
221;4;3.0
222;4;2.9
223;4;2.9
224;4;2.9
225;4;2.9
226;4;2.95
227;4;2.9
228;4;2.95
229;4;3.05
230;4;2.95
231;4;3.05
