Meranie: 0
0;3;1.65
1;3;2.2
2;3;2.2
3;3;2.2
4;3;2.25
5;3;2.25
6;3;2.25
7;3;2.35
8;3;2.35
9;3;2.5
10;3;2.3
11;3;2.55
12;3;2.5
13;3;2.7
14;3;2.65
15;3;2.7
16;3;2.6
17;3;2.75
18;3;2.6
19;3;2.7
20;3;2.65
21;3;2.6
22;3;2.7
23;3;2.75
24;3;2.65
25;3;2.6
26;4;2.8
27;4;2.75
28;4;2.75
29;4;2.8
30;4;2.85
31;4;2.95
32;4;2.75
33;4;2.9
34;4;2.85
35;4;2.85
36;4;2.8
37;4;2.8
38;4;2.95
39;4;2.75
40;4;2.85
41;4;2.8
42;4;2.8
43;4;2.75
44;4;2.9
45;4;2.85
46;4;2.9
47;4;2.85
48;4;2.8
49;4;3.0
50;4;3.05
Meranie: 1
0;2;1.7
1;2;2.05
2;2;1.9
3;4;2.2
4;4;2.3
5;4;2.3
6;4;2.35
7;4;2.45
8;4;2.5
9;4;2.5
10;4;2.5
11;4;2.55
12;4;2.6
13;4;2.7
14;4;2.7
15;4;2.7
16;4;2.75
17;4;2.75
18;4;2.85
19;4;2.7
20;4;2.75
21;4;2.75
22;4;2.8
23;4;2.75
24;4;2.85
25;4;2.75
26;4;2.8
27;4;2.8
28;4;2.8
29;4;2.8
30;4;3.0
31;4;2.95
32;4;2.85
33;4;2.9
34;4;3.05
35;4;2.85
36;4;3.05
37;4;2.9
38;4;2.9
39;4;2.85
40;4;2.9
41;4;2.95
42;4;2.9
43;4;2.85
44;4;2.95
Meranie: 2
0;3;1.65
1;3;1.9
2;3;2.1
3;3;2.15
4;3;2.15
5;3;2.2
6;3;2.25
7;3;2.25
8;3;2.25
9;3;2.3
10;3;2.3
11;3;2.4
12;3;2.4
13;3;2.4
14;3;2.45
15;3;2.55
16;3;2.6
17;3;2.75
18;3;2.6
19;3;2.75
20;4;2.75
21;4;2.8
22;4;2.8
23;4;2.8
24;4;2.7
25;4;2.7
26;4;2.7
27;4;2.7
28;4;2.65
29;4;2.75
30;4;2.7
31;4;2.8
32;4;2.7
33;4;2.85
34;4;2.7
35;4;2.7
36;4;2.65
37;4;2.7
38;4;2.7
39;4;2.65
40;4;2.8
41;4;2.7
42;4;2.7
43;4;2.85
44;4;2.65
45;4;2.7
46;4;2.75
47;4;2.65
48;4;2.75
49;4;2.8
50;4;2.75
51;4;2.7
52;4;2.65
53;4;2.65
54;4;2.65
55;4;2.8
56;4;2.7
57;4;2.8
58;4;2.7
59;4;2.7
60;4;2.7
61;4;2.65
62;4;2.8
63;4;2.8
64;4;2.75
65;4;2.65
66;4;2.65
67;4;2.7
68;4;2.85
69;4;2.75
70;4;2.7
71;4;2.75
72;4;2.75
73;4;2.85
74;4;2.75
75;4;2.8
76;4;2.75
77;4;2.75
78;4;2.75
79;4;2.75
80;4;2.75
81;4;2.95
82;4;2.75
83;4;2.85
84;4;2.85
85;4;2.9
86;4;2.95
87;4;3.0
88;4;2.9
89;4;2.85
90;4;2.85
91;4;2.75
92;4;3.0
93;4;2.95
94;4;3.0
95;4;3.15
96;4;3.25
97;4;3.0
98;4;2.95
99;4;3.1
100;4;2.95
101;4;3.2
102;4;3.1
103;4;3.1
104;4;3.05
105;4;3.1
106;4;3.05
107;4;3.15
108;4;3.3
109;4;3.1
110;4;3.25
111;4;3.1
112;4;3.1
113;4;3.1
114;4;3.1
115;4;3.45
116;4;3.1
117;4;3.15
118;4;3.1
119;4;3.15
120;4;3.1
121;4;3.3
122;4;3.3
123;4;3.2
124;4;3.2
125;4;3.35
126;4;3.15
127;4;3.25
128;4;3.15
129;4;3.2
130;4;3.2
131;4;3.25
132;4;3.1
133;4;3.3
134;4;3.15
135;4;3.2
136;4;3.25
137;4;3.1
138;4;3.2
139;4;3.2
140;4;3.3
141;4;3.2
142;4;3.2
143;4;3.25
Meranie: 3
0;3;1.45
1;3;1.8
2;3;2.2
3;3;2.15
4;3;2.2
5;3;2.25
6;3;2.25
7;3;2.2
8;3;2.25
9;3;2.25
10;3;2.3
11;3;2.3
12;3;2.3
13;3;2.3
14;3;2.3
15;3;2.3
16;3;2.3
17;3;2.15
18;3;2.4
19;3;2.45
20;3;2.45
21;3;2.45
22;3;2.35
23;3;2.5
24;3;2.55
25;3;2.6
26;3;2.5
27;3;2.65
28;3;2.7
29;3;2.55
30;3;2.45
31;3;2.35
32;3;2.75
33;3;2.6
34;3;2.4
35;3;2.6
36;3;2.6
37;3;2.6
38;3;2.6
39;3;2.7
40;3;2.7
41;3;2.6
42;3;2.5
43;3;2.6
44;3;2.55
45;3;2.65
46;3;2.65
47;3;2.7
48;3;2.5
49;3;2.6
50;3;2.65
51;3;2.55
52;3;2.75
53;3;2.7
54;3;2.65
55;3;2.65
56;3;2.6
57;3;2.6
58;3;2.75
59;3;2.6
60;3;2.7
61;3;2.6
62;3;2.65
63;3;2.7
64;3;2.55
65;3;2.7
66;3;2.65
67;3;2.7
68;3;2.6
69;3;2.6
70;3;2.75
71;3;2.7
72;3;2.7
73;3;2.6
74;3;2.75
75;4;2.7
76;4;2.75
77;4;2.7
78;4;2.65
79;4;2.45
80;4;2.65
81;4;2.7
82;4;2.85
83;4;2.65
84;4;2.65
85;4;2.85
86;4;2.8
87;4;2.7
88;4;2.75
89;4;2.9
90;4;2.7
91;4;2.8
92;4;2.8
93;4;2.7
94;4;2.8
95;4;2.75
96;4;2.65
97;4;2.8
98;4;2.8
99;4;2.7
100;4;2.7
101;4;2.8
102;4;2.75
103;4;2.7
104;4;2.65
105;4;2.65
106;4;2.7
107;4;2.7
108;4;2.9
109;4;2.8
110;4;2.85
111;4;2.8
112;4;2.7
113;4;2.8
114;4;2.8
115;4;2.7
116;4;2.65
117;4;2.95
118;4;2.75
119;4;2.85
120;4;2.85
121;4;2.9
122;4;2.85
123;4;2.75
124;4;2.8
125;4;2.8
126;4;2.8
127;4;2.8
128;4;2.75
129;4;2.8
130;4;2.75
131;4;2.75
132;4;2.75
133;4;2.9
134;4;2.8
135;4;2.8
136;4;3.0
137;4;2.85
138;4;2.9
139;4;2.9
140;4;3.0
141;4;2.95
142;4;2.9
143;4;2.9
144;4;2.9
145;4;2.9
146;4;2.85
147;4;2.95
148;4;2.95
149;4;3.05
150;4;2.95
151;4;2.95
152;4;3.1
153;4;3.0
154;4;3.15
155;4;3.05
156;4;2.85
157;4;3.0
158;4;3.0
159;4;3.15
160;4;3.15
161;4;3.15
162;4;3.5
163;4;3.35
164;4;3.3
165;4;3.1
166;4;3.25
167;4;3.4
168;4;3.4
169;4;3.25
170;4;3.75
171;4;3.55
172;4;3.7
173;4;3.25
174;4;3.7
Meranie: 4
0;2;1.4
1;2;1.8
2;2;1.85
3;2;2.05
4;2;2.1
5;3;2.15
6;3;2.2
7;3;2.15
8;3;2.2
9;3;2.25
10;3;2.25
11;3;2.25
12;3;2.3
13;3;2.3
14;3;2.35
15;3;2.4
16;3;2.5
17;3;2.6
18;3;2.6
19;3;2.65
20;3;2.65
21;3;2.7
22;3;2.6
23;3;2.65
24;3;2.65
25;3;2.65
26;3;2.6
27;3;2.7
28;3;2.7
29;3;2.6
30;3;2.65
31;3;2.65
32;3;2.6
33;3;2.65
34;3;2.65
35;3;2.75
36;3;2.45
37;4;2.55
38;4;2.7
39;4;2.75
40;4;2.7
41;4;2.7
42;4;2.7
43;4;2.9
44;4;2.7
45;4;2.65
46;4;2.65
47;4;2.8
48;4;2.6
49;4;2.6
50;4;2.65
51;4;2.65
52;4;2.65
53;4;2.7
54;4;2.7
55;4;2.65
56;4;2.65
57;4;2.6
58;4;2.65
59;4;2.65
60;4;2.65
61;4;2.5
62;4;2.7
63;4;2.6
64;4;2.7
65;4;2.65
66;4;2.7
67;4;2.7
68;4;2.6
69;4;2.8
70;4;2.7
71;4;2.8
72;4;2.7
73;4;2.7
74;4;2.55
75;4;2.7
76;4;2.75
77;4;2.8
78;4;2.8
79;4;2.75
80;4;2.95
81;4;2.7
82;4;2.8
83;4;2.6
84;4;3.0
85;4;2.9
86;4;2.9
87;4;2.9
88;4;2.9
89;4;2.95
90;4;2.6
91;4;2.85
92;4;2.95
93;4;2.75
94;4;2.7
95;4;2.85
96;4;2.7
97;4;2.85
98;4;2.9
99;4;2.75
100;4;2.7
101;4;2.85
102;4;3.0
103;4;3.05
104;4;3.05
105;4;3.05
106;4;3.05
107;4;3.05
108;4;3.0
109;4;2.75
110;4;3.05
111;4;3.05
112;4;3.15
113;4;3.1
114;4;3.05
115;4;3.0
116;4;3.1
117;4;3.05
118;4;2.95
119;4;3.05
120;4;3.0
121;4;3.1
122;4;3.05
123;4;3.1
124;4;2.75
125;4;2.85
126;4;3.05
127;4;3.05
128;4;3.0
129;4;3.0
130;4;3.05
131;4;3.05
132;4;3.0
133;4;3.1
134;4;3.0
135;4;3.1
136;4;3.2
137;4;3.15
138;4;3.2
139;4;3.15
140;4;3.1
141;4;3.15
142;4;3.1
143;4;3.15
144;4;3.1
145;4;3.2
146;4;3.0
147;4;2.95
148;4;3.1
149;4;3.15
150;4;3.2
151;4;3.15
152;4;3.15
153;4;3.1
154;4;3.2
155;4;3.15
156;4;3.1
157;4;3.1
158;4;3.15
159;4;3.2
160;4;3.1
161;4;3.2
162;4;3.1
163;4;3.15
164;4;3.1
165;4;3.0
166;4;2.95
167;4;2.95
168;4;3.15
169;4;3.15
Meranie: 5
0;2;1.55
1;3;2.15
2;3;2.1
3;3;2.15
4;3;2.15
5;3;2.15
6;3;2.25
7;3;2.15
8;3;2.3
9;3;2.3
10;3;2.3
11;3;2.4
12;3;2.45
13;3;2.5
14;3;2.55
15;3;2.65
16;3;2.65
17;3;2.55
18;3;2.65
19;3;2.6
20;3;2.55
21;3;2.5
22;3;2.7
23;3;2.65
24;3;2.65
25;3;2.6
26;3;2.65
27;3;2.65
28;3;2.6
29;3;2.6
30;3;2.35
31;3;2.7
32;3;2.65
33;3;2.6
34;3;2.65
35;3;2.65
36;3;2.65
37;3;2.65
38;3;2.55
39;4;2.7
40;4;2.7
41;4;2.65
42;4;2.75
43;4;2.8
44;4;2.75
45;4;2.8
46;4;2.95
47;4;2.8
48;4;2.8
49;4;2.8
50;4;2.85
51;4;2.75
52;4;2.8
53;4;2.85
54;4;2.75
55;4;2.75
56;4;2.85
57;4;2.75
58;4;2.75
59;4;2.85
60;4;2.8
61;4;2.85
62;4;2.85
63;4;2.75
64;4;2.8
65;4;2.85
66;4;2.95
67;4;2.7
68;4;3.0
69;4;3.25
70;4;3.2
71;4;3.05
72;4;3.05
73;4;3.15
74;4;3.15
75;4;3.1
76;4;3.1
77;4;3.3
78;4;3.15
79;4;3.15
80;4;3.15
81;4;3.1
82;4;3.15
83;4;3.3
84;4;3.2
85;4;3.1
86;4;3.1
87;4;3.1
88;4;3.1
89;4;3.3
90;4;3.15
91;4;3.1
92;4;3.25
93;4;3.15
94;4;3.15
95;4;3.1
96;4;2.9
97;4;3.2
98;4;3.15
99;4;3.0
100;4;3.15
101;4;3.15
102;4;3.1
103;4;3.1
104;4;3.2
105;4;3.0
106;4;3.0
107;4;3.25
108;4;3.1
109;4;3.15
110;4;3.2
111;4;3.1
112;4;3.1
113;4;3.15
114;4;3.25
115;4;3.35
116;4;3.15
117;4;3.2
118;4;2.95
119;4;3.2
120;4;3.15
121;4;3.25
122;4;3.55
123;4;3.25
124;4;3.15
125;4;3.2
126;4;3.15
127;4;3.15
128;4;3.1
129;4;3.15
130;4;3.25
131;4;3.25
132;4;3.3
133;4;3.2
134;4;3.15
135;4;3.2
136;4;3.25
137;4;3.35
138;4;3.15
139;4;3.25
140;4;3.25
141;4;3.1
142;4;3.2
143;4;3.25
144;4;3.1
145;4;3.25
146;4;3.3
147;4;3.3
148;4;3.1
149;4;3.2
150;4;3.2
151;4;3.25
152;4;3.2
153;4;3.15
154;4;3.25
155;4;3.25
156;4;3.25
157;4;3.15
158;4;3.15
159;4;3.25
160;4;3.15
161;4;3.15
162;4;3.4
163;4;3.3
164;4;3.15
165;4;3.3
166;4;3.5
167;4;3.15
168;4;3.25
169;4;3.15
170;4;3.25
171;4;3.1
172;4;3.1
173;4;3.25
174;4;3.25
175;4;3.2
176;4;3.1
177;4;3.1
178;4;3.1
179;4;3.35
180;4;3.45
181;4;3.3
182;4;3.15
183;4;3.3
184;4;3.2
185;4;3.45
186;4;3.25
187;4;3.15
188;4;3.15
189;4;3.3
190;4;3.1
191;4;3.15
192;4;3.1
193;4;3.15
194;4;3.2
195;4;3.2
196;4;3.3
197;4;3.1
198;4;3.25
199;4;3.25
200;4;3.2
201;4;3.3
202;4;3.25
203;4;3.1
204;4;3.3
205;4;3.15
206;4;3.3
207;4;3.25
208;4;3.15
209;4;3.25
210;4;3.1
211;4;3.25
212;4;3.35
213;4;3.3
214;4;3.25
215;4;3.35
216;4;3.2
217;4;3.1
218;4;3.2
219;4;3.1
220;4;3.2
221;4;3.2
222;4;3.2
223;4;3.2
224;4;3.25
225;4;3.2
226;4;3.15
227;4;3.1
228;4;3.2
229;4;3.2
230;4;3.35
231;4;3.15
232;4;3.2
233;4;3.15
234;4;3.2
235;4;3.15
236;4;3.2
237;4;3.25
238;4;3.25
239;4;3.35
240;4;3.3
241;4;3.2
242;4;3.2
243;4;3.25
244;4;3.15
245;4;3.3
246;4;3.15
Meranie: 6
0;2;1.45
1;3;2.0
2;3;1.9
3;3;2.1
4;3;2.15
5;3;2.2
6;3;2.3
7;3;2.4
8;3;2.2
9;3;2.4
10;3;2.4
11;3;2.5
12;3;2.5
13;3;2.45
14;3;2.5
15;3;2.5
16;3;2.5
17;3;2.55
18;3;2.55
19;3;2.6
20;3;2.55
21;3;2.6
22;3;2.55
23;3;2.6
24;3;2.6
25;3;2.35
26;3;2.7
27;3;2.6
28;3;2.75
29;3;2.6
30;3;2.65
31;3;2.6
32;3;2.6
33;3;2.65
34;3;2.65
35;3;2.6
36;3;2.65
37;3;2.7
38;3;2.65
39;3;2.7
40;3;2.7
41;3;2.6
42;3;2.65
43;3;2.6
44;3;2.65
45;3;2.6
46;3;2.75
47;3;2.75
48;3;2.65
49;3;2.7
50;3;2.65
51;3;2.65
52;3;2.65
53;4;2.75
54;4;2.65
55;4;2.8
56;4;2.45
57;4;2.65
58;4;2.85
59;4;2.75
60;4;2.7
61;4;2.75
62;4;2.7
63;4;2.65
64;4;2.75
65;4;2.8
66;4;2.9
67;4;2.75
68;4;2.75
69;4;2.85
70;4;2.8
71;4;2.9
72;4;2.9
73;4;2.9
74;4;2.8
75;4;2.9
76;4;2.95
77;4;2.85
78;4;2.9
79;4;3.0
80;4;3.1
81;4;3.0
82;4;2.95
83;4;2.9
84;4;2.95
85;4;3.25
86;4;3.25
87;4;3.3
88;4;3.1
89;4;3.15
90;4;3.2
91;4;3.15
92;4;3.15
93;4;3.1
94;4;3.3
95;4;3.2
96;4;3.1
97;4;3.15
98;4;3.4
99;4;3.25
100;4;3.2
101;4;3.2
102;4;3.15
103;4;3.2
104;4;3.25
105;4;3.2
106;4;3.2
107;4;3.35
108;4;3.3
109;4;3.3
110;4;3.2
111;4;3.1
112;4;3.25
113;4;3.4
114;4;3.15
115;4;3.15
116;4;3.2
117;4;3.15
118;4;3.4
119;4;3.3
120;4;3.25
Meranie: 7
0;2;1.45
1;2;1.85
2;3;1.85
3;3;2.05
4;4;2.35
5;4;2.35
6;4;2.35
7;4;2.4
8;4;2.35
9;4;2.4
10;4;2.4
11;4;2.25
12;4;2.25
13;4;2.55
14;4;2.6
15;4;2.7
16;4;2.7
17;4;2.75
18;4;2.75
19;4;2.65
20;4;2.75
21;4;2.85
22;4;2.85
23;4;2.85
24;4;2.95
25;4;2.75
26;4;2.8
27;4;2.9
28;4;2.75
29;4;2.8
30;4;2.8
31;4;2.75
32;4;2.75
33;4;2.8
34;4;2.75
35;4;2.8
36;4;2.6
37;4;2.8
38;4;2.75
39;4;2.8
40;4;2.8
41;4;2.75
42;4;2.75
43;4;2.75
44;4;3.0
45;4;2.8
46;4;2.75
47;4;2.85
48;4;2.9
49;4;2.75
50;4;2.75
51;4;2.85
52;4;2.8
53;4;2.8
54;4;2.8
55;4;2.8
56;4;2.9
57;4;2.85
58;4;2.8
59;4;3.05
60;4;2.85
61;4;3.05
62;4;3.15
63;4;3.2
64;4;3.1
65;4;3.35
66;4;3.3
67;4;3.15
68;4;3.15
69;4;3.2
70;4;3.1
71;4;3.1
72;4;3.2
73;4;3.3
74;4;3.2
75;4;3.15
76;4;3.2
77;4;3.1
78;4;3.25
79;4;3.15
80;4;3.35
81;4;3.15
82;4;3.2
83;4;3.25
84;4;3.1
85;4;3.1
86;4;3.35
87;4;3.25
88;4;3.1
89;4;3.1
90;4;3.25
91;4;3.1
92;4;3.15
93;4;3.25
94;4;3.1
95;4;3.15
96;4;3.15
97;4;3.25
98;4;3.15
99;4;3.25
100;4;3.1
101;4;3.25
102;4;3.25
103;4;3.25
104;4;3.15
105;4;3.1
Meranie: 8
0;2;1.4
1;2;1.5
2;2;1.75
3;2;2.1
4;2;2.0
5;2;1.9
6;4;2.2
7;4;2.2
8;4;2.25
9;4;2.25
10;4;2.3
11;4;2.3
12;4;2.35
13;4;2.4
14;4;2.35
15;4;2.4
16;4;2.45
17;4;2.45
18;4;2.5
19;4;2.55
20;4;2.55
21;4;2.45
22;4;2.6
23;4;2.6
24;4;2.65
25;4;2.7
26;4;2.65
27;4;2.65
28;4;2.7
29;4;2.55
30;4;2.7
31;4;2.65
32;4;2.6
33;4;2.65
34;4;2.6
35;4;2.65
36;4;2.7
37;4;2.45
38;4;2.75
39;4;3.0
40;4;2.75
41;4;2.7
42;4;2.7
43;4;2.65
44;4;2.7
45;4;2.75
46;4;2.6
47;4;2.85
48;4;2.8
49;4;2.55
50;4;2.95
51;4;2.7
52;4;2.95
53;4;2.65
54;4;2.5
55;4;2.8
56;4;2.9
57;4;2.7
58;4;2.9
59;4;2.95
60;4;2.75
61;4;2.7
62;4;2.85
63;4;2.75
64;4;3.0
65;4;3.0
66;4;2.95
67;4;2.95
68;4;2.95
69;4;2.95
70;4;2.95
71;4;2.9
72;4;2.9
73;4;2.95
74;4;2.9
75;4;2.9
76;4;2.95
77;4;2.9
78;4;2.95
79;4;3.05
80;4;2.9
81;4;2.9
82;4;2.9
83;4;2.9
84;4;2.9
85;4;2.9
86;4;2.65
87;4;2.9
88;4;2.95
89;4;2.95
90;4;2.85
91;4;2.95
92;4;2.85
93;4;3.0
94;4;2.9
95;4;2.85
96;4;3.1
97;4;2.95
98;4;2.75
99;4;3.0
100;4;2.95
101;4;3.1
102;4;3.0
103;4;3.0
104;4;2.95
105;4;3.05
106;4;3.05
107;4;2.95
Meranie: 9
0;2;1.55
1;2;2.05
2;3;2.2
3;3;2.1
4;3;2.4
5;3;2.55
6;3;2.6
7;3;2.65
8;3;2.65
9;3;2.5
10;3;2.65
11;3;2.7
12;3;2.6
13;3;2.65
14;3;2.75
15;3;2.6
16;3;2.65
17;3;2.65
18;3;2.6
19;3;2.65
20;3;2.6
21;3;2.7
22;3;2.7
23;4;2.7
24;4;2.55
25;4;2.95
26;4;2.8
27;4;2.95
28;4;2.7
29;4;2.7
30;4;2.75
31;4;2.9
32;4;2.7
33;4;2.7
34;4;2.75
35;4;2.75
36;4;2.9
37;4;2.75
38;4;2.85
39;4;2.9
40;4;2.85
41;4;2.55
42;4;2.8
43;4;2.8
44;4;3.05
45;4;2.8
46;4;2.95
47;4;2.85
48;4;3.05
49;4;2.9
50;4;2.9
51;4;3.0
52;4;3.05
53;4;2.95
54;4;2.95
55;4;3.15
56;4;2.9
57;4;2.95
58;4;2.9
59;4;3.0
60;4;3.05
61;4;3.0
62;4;2.95
63;4;3.05
64;4;3.1
65;4;3.1
66;4;3.05
67;4;3.15
68;4;3.05
69;4;3.1
70;4;3.05
71;4;3.15
72;4;3.25
73;4;3.1
74;4;3.05
75;4;3.1
76;4;2.95
77;4;3.1
78;4;3.15
79;4;3.1
80;4;3.05
81;4;3.2
82;4;3.1
83;4;3.15
84;4;3.1
85;4;3.2
86;4;3.15
87;4;3.1
88;4;3.35
89;4;3.1
90;4;3.15
91;4;3.15
92;4;3.2
93;4;3.2
94;4;3.15
95;4;3.2
96;4;3.15
97;4;3.2
98;4;3.2
99;4;3.3
100;4;3.15
101;4;3.2
102;4;3.3
103;4;3.2
104;4;3.1
105;4;3.25
106;4;3.2
107;4;3.2
108;4;3.35
109;4;3.1
110;4;2.8
111;4;3.1
112;4;3.1
113;4;3.25
114;4;3.2
115;4;3.15
116;4;3.25
117;4;3.15
118;4;3.15
119;4;3.3
120;4;3.15
121;4;3.1
122;4;3.15
123;4;3.25
124;4;3.25
125;4;3.2
126;4;3.1
127;4;3.4
128;4;3.15
129;4;3.1
130;4;3.2
131;4;3.1
132;4;3.1
133;4;3.2
134;4;3.1
135;4;3.2
136;4;3.2
137;4;3.15
138;4;3.35
139;4;3.2
140;4;3.1
141;4;3.15
142;4;3.45
143;4;3.25
144;4;3.1
145;4;3.2
146;4;3.2
147;4;3.1
148;4;3.15
149;4;3.1
150;4;3.2
151;4;3.0
152;4;3.25
153;4;3.25
154;4;3.15
155;4;3.15
156;4;3.15
157;4;3.2
158;4;3.15
159;4;3.2
160;4;3.15
161;4;3.1
162;4;3.25
163;4;3.15
164;4;3.1
165;4;3.25
166;4;3.25
167;4;3.25
168;4;3.3
169;4;3.15
170;4;3.25
171;4;3.2
172;4;3.1
173;4;3.1
174;4;3.25
175;4;3.2
176;4;3.15
177;4;3.1
178;4;3.1
179;4;3.1
180;4;3.25
181;4;3.3
182;4;3.1
183;4;3.1
184;4;3.1
185;4;3.2
186;4;3.2
187;4;3.45
188;4;3.15
189;4;3.1
190;4;3.15
191;4;3.15
192;4;3.25
193;4;3.2
194;4;3.15
195;4;3.35
196;4;3.3
197;4;3.15
198;4;3.2
199;4;3.3
200;4;3.15
201;4;3.1
202;4;3.3
203;4;3.1
204;4;3.15
205;4;3.15
206;4;3.15
207;4;3.2
208;4;3.15
209;4;3.2
210;4;3.3
211;4;3.15
Meranie: 10
0;2;1.45
1;3;1.95
2;3;2.05
3;3;2.15
4;3;2.15
5;3;2.15
6;3;2.25
Meranie: 11
0;2;1.65
1;3;2.1
2;3;2.1
3;3;2.05
4;3;2.2
5;3;2.25
6;3;2.25
7;3;2.2
8;3;2.3
9;4;2.45
10;4;2.5
11;4;2.55
12;4;2.5
13;4;2.4
14;4;2.6
15;4;2.65
16;4;2.4
17;4;2.65
18;4;2.35
19;4;2.45
20;4;2.35
21;4;2.7
22;4;2.75
23;4;2.4
24;4;2.65
25;4;2.75
26;4;2.65
27;4;2.7
28;4;2.4
29;4;2.55
30;4;2.65
31;4;2.65
32;4;2.6
33;4;2.75
34;4;2.85
35;4;2.6
36;4;2.7
37;4;2.85
38;4;2.4
39;4;2.8
40;4;2.75
41;4;2.7
42;4;2.55
43;4;2.75
44;4;2.65
45;4;2.75
46;4;2.75
47;4;2.75
48;4;2.75
49;4;2.9
50;4;2.8
51;4;2.95
52;4;2.8
53;4;2.8
54;4;2.8
55;4;2.9
56;4;2.85
57;4;2.95
58;4;2.75
59;4;2.8
60;4;3.05
61;4;2.8
62;4;3.05
63;4;2.95
64;4;2.95
65;4;2.95
66;4;2.95
67;4;3.05
68;4;2.95
69;4;2.95
70;4;3.0
71;4;3.1
72;4;3.0
73;4;3.1
74;4;3.15
75;4;3.0
76;4;3.05
77;4;3.05
78;4;3.05
79;4;3.05
80;4;2.95
81;4;3.15
82;4;3.05
83;4;3.0
84;4;3.05
85;4;3.2
86;4;2.95
87;4;3.1
88;4;3.25
89;4;3.3
90;4;3.15
91;4;3.15
92;4;3.3
93;4;3.4
94;4;3.25
95;4;3.15
96;4;3.35
97;4;3.25
98;4;3.2
99;4;3.2
100;4;3.3
101;4;3.35
102;4;3.5
103;4;3.5
104;4;3.25
105;4;3.2
106;4;3.4
107;4;3.35
108;4;3.3
109;4;3.45
Meranie: 12
0;2;1.8
1;2;2.1
2;2;2.0
3;2;2.1
4;3;2.15
5;3;2.2
6;3;2.25
7;3;2.25
8;3;2.25
9;3;2.25
10;3;2.3
11;3;2.35
12;3;2.5
13;3;2.55
14;3;2.5
15;3;2.6
16;3;2.6
17;3;2.65
18;3;2.65
19;3;2.7
20;3;2.7
21;3;2.65
22;3;2.65
23;3;2.7
24;3;2.6
25;4;2.8
26;4;2.7
27;4;2.7
28;4;2.65
29;4;2.75
30;4;2.65
31;4;2.8
32;4;2.7
33;4;2.7
34;4;2.7
35;4;2.7
36;4;2.75
37;4;2.75
38;4;2.4
39;4;2.7
40;4;2.8
41;4;2.75
42;4;2.8
43;4;2.8
44;4;2.7
45;4;2.7
46;4;2.75
47;4;2.8
48;4;2.8
49;4;2.75
50;4;2.8
51;4;2.8
52;4;2.75
53;4;2.8
54;4;2.95
55;4;2.75
56;4;2.8
57;4;2.9
58;4;2.65
59;4;2.75
60;4;2.6
61;4;2.85
62;4;2.85
63;4;2.9
64;4;2.85
65;4;2.8
66;4;2.9
67;4;3.0
68;4;2.95
69;4;2.85
70;4;2.9
71;4;2.95
72;4;2.95
73;4;2.85
74;4;2.9
75;4;3.0
76;4;2.9
77;4;2.9
78;4;2.7
79;4;2.85
80;4;2.85
81;4;2.9
82;4;3.05
83;4;2.8
84;4;3.0
85;4;2.95
86;4;2.8
87;4;2.85
88;4;3.05
89;4;3.0
90;4;2.95
91;4;2.95
92;4;3.0
93;4;2.95
94;4;2.95
95;4;3.0
96;4;3.0
97;4;3.0
98;4;3.0
99;4;2.9
100;4;2.9
101;4;2.95
102;4;2.95
103;4;2.9
Meranie: 13
0;2;1.5
1;3;2.0
2;3;2.1
3;3;1.95
4;3;2.15
5;3;2.2
6;3;2.2
7;3;2.25
8;3;1.95
9;3;2.25
10;3;2.25
11;3;2.25
12;3;2.3
13;3;2.2
14;3;2.3
15;3;2.3
16;3;2.45
17;3;2.5
18;3;2.6
19;3;2.6
20;3;2.5
21;3;2.6
22;3;2.7
23;3;2.6
24;3;2.7
25;3;2.6
26;3;2.6
27;3;2.6
28;3;2.65
29;3;2.65
30;3;2.65
31;3;2.6
32;3;2.7
33;4;2.7
34;4;2.65
35;4;2.7
36;4;2.7
Meranie: 14
0;3;1.55
1;3;2.0
2;3;2.2
3;3;2.1
4;3;2.35
5;3;2.35
6;3;2.35
7;3;2.4
8;3;2.4
9;3;2.3
10;3;2.45
11;3;2.25
12;3;2.4
13;3;2.6
14;3;2.7
15;3;2.6
16;3;2.6
17;3;2.45
18;3;2.6
19;3;2.65
20;4;2.75
21;4;2.7
22;4;2.75
23;4;2.55
24;4;2.75
25;4;2.6
26;4;2.75
27;4;2.7
28;4;2.7
29;4;2.8
30;4;2.75
31;4;2.8
32;4;2.75
33;4;2.75
34;4;2.7
35;4;2.75
36;4;2.75
37;4;2.7
38;4;2.8
39;4;2.7
40;4;2.75
41;4;2.7
42;4;2.7
43;4;2.95
44;4;2.75
45;4;2.8
46;4;2.85
47;4;2.75
48;4;2.85
49;4;2.75
50;4;2.85
51;4;2.95
52;4;2.95
53;4;2.85
54;4;2.9
55;4;2.9
56;4;3.1
57;4;3.0
58;4;3.15
59;4;3.2
60;4;3.05
61;4;3.1
62;4;3.1
63;4;3.1
64;4;3.2
65;4;3.1
66;4;3.05
67;4;3.2
68;4;3.2
69;4;3.25
70;4;3.45
71;4;3.35
72;4;3.3
73;4;3.15
74;4;3.2
75;4;3.35
76;4;3.15
77;4;3.2
78;4;3.4
79;4;3.15
80;4;3.15
81;4;3.15
82;4;3.25
83;4;3.3
84;4;3.2
85;4;3.15
86;4;3.2
87;4;3.3
88;4;3.3
89;4;3.2
90;4;3.2
91;4;3.15
92;4;3.1
93;4;3.15
94;4;3.3
95;4;3.1
96;4;3.1
97;4;3.15
98;4;3.1
99;4;3.25
100;4;3.2
101;4;3.2
102;4;3.2
103;4;3.15
104;4;3.1
105;4;3.2
106;4;3.3
107;4;3.1
108;4;3.2
109;4;3.1
110;4;3.5
111;4;3.3
112;4;3.3
113;4;3.3
114;4;3.2
115;4;3.3
116;4;3.2
117;4;3.4
118;4;3.3
119;4;3.15
120;4;3.2
121;4;3.2
122;4;3.35
123;4;3.15
124;4;3.1
125;4;3.15
126;4;3.15
127;4;3.4
128;4;3.2
129;4;3.4
130;4;3.15
131;4;3.25
132;4;3.2
133;4;3.35
134;4;3.25
135;4;3.15
136;4;3.2
137;4;3.15
138;4;3.1
139;4;3.5
140;4;3.2
141;4;3.2
142;4;3.3
143;4;3.4
144;4;3.3
145;4;3.25
146;4;3.4
147;4;3.15
148;4;3.15
149;4;3.25
150;4;3.3
151;4;3.15
152;4;3.25
153;4;3.1
154;4;3.25
155;4;3.3
156;4;3.1
157;4;3.15
158;4;3.25
159;4;3.2
160;4;3.3
161;4;3.2
162;4;3.35
163;4;3.2
164;4;3.2
165;4;3.2
166;4;3.25
167;4;3.15
168;4;3.3
169;4;3.2
170;4;3.1
171;4;3.15
172;4;3.15
173;4;3.25
174;4;3.4
175;4;3.2
176;4;3.3
177;4;3.35
178;4;3.3
179;4;3.35
180;4;3.25
181;4;3.15
182;4;3.1
183;4;3.1
184;4;3.15
185;4;3.25
186;4;3.3
187;4;3.25
188;4;3.25
189;4;3.15
190;4;3.3
191;4;3.3
192;4;3.4
193;4;3.3
194;4;3.3
195;4;3.3
196;4;3.15
197;4;3.1
198;4;3.3
199;4;3.3
200;4;3.3
201;4;3.3
202;4;3.45
203;4;3.45
204;4;3.3
205;4;3.3
206;4;3.5
207;4;3.2
208;4;3.35
209;4;3.3
210;4;3.45
211;4;3.35
212;4;3.2
213;4;3.2
214;4;3.25
215;4;3.2
216;4;3.25
217;4;3.15
218;4;3.1
219;4;3.3
220;4;3.25
221;4;3.15
222;4;3.2
223;4;3.25
224;4;3.2
225;4;3.15
226;4;3.25
227;4;3.25
228;4;3.2
229;4;3.1
230;4;3.2
231;4;3.35
232;4;3.25
233;4;3.3
234;4;3.2
235;4;3.25
236;4;3.25
237;4;3.15
238;4;3.5
239;4;3.4
240;4;3.25
241;4;3.15
242;4;3.2
243;4;3.3
244;4;3.2
245;4;3.35
246;4;3.2
247;4;3.2
248;4;3.35
249;4;3.55
250;4;3.2
251;4;3.3
252;4;3.3
253;4;3.25
254;4;3.35
255;4;3.3
256;4;3.15
257;4;3.2
258;4;3.25
259;4;3.1
260;4;3.25
261;4;3.45
262;4;3.3
263;4;3.4
264;4;3.15
265;4;3.2
266;4;3.15
267;4;3.35
268;4;3.3
269;4;3.3
270;4;3.3
271;4;3.25
272;4;3.35
273;4;3.1
274;4;3.3
275;4;3.3
276;4;3.2
277;4;3.45
278;4;3.4
279;4;3.2
280;4;3.3
281;4;3.35
282;4;3.35
283;4;3.3
284;4;3.15
285;4;3.2
286;4;3.35
287;4;3.25
288;4;3.35
289;4;3.4
290;4;3.3
291;4;3.25
292;4;3.2
293;4;3.35
294;4;3.15
295;4;3.35
296;4;3.3
297;4;3.2
298;4;3.15
299;4;3.2
300;4;3.2
301;4;3.2
302;4;3.35
303;4;3.3
304;4;3.15
305;4;3.25
306;4;3.35
307;4;3.1
308;4;3.35
309;4;3.25
310;4;3.25
311;4;3.45
312;4;3.2
313;4;3.1
314;4;3.15
315;4;3.25
316;4;3.2
317;4;3.3
318;4;3.25
319;4;3.45
320;4;3.2
321;4;3.35
322;4;3.4
323;4;3.2
324;4;3.2
325;4;3.3
326;4;3.3
327;4;3.1
328;4;3.25
329;4;3.25
330;4;3.2
331;4;3.2
332;4;3.25
333;4;3.15
334;4;3.2
335;4;3.35
336;4;3.35
337;4;3.15
338;4;3.2
339;4;3.2
340;4;3.2
341;4;3.35
342;4;3.15
343;4;3.2
344;4;3.3
345;4;3.15
346;4;3.15
347;4;3.3
348;4;3.25
349;4;3.1
350;4;3.15
351;4;3.35
352;4;3.25
Meranie: 15
0;2;1.65
1;2;1.85
2;3;2.0
3;3;1.95
4;3;2.2
5;3;1.85
6;3;2.2
7;3;2.2
8;3;2.3
9;3;2.3
10;3;2.3
11;3;2.3
12;3;2.35
13;3;2.5
14;3;2.6
15;3;2.7
16;3;2.65
17;3;2.6
18;3;2.65
19;3;2.6
20;3;2.65
21;3;2.6
22;3;2.55
23;3;2.65
24;3;2.65
25;3;2.65
26;3;2.65
27;3;2.6
28;3;2.65
29;3;2.55
30;3;2.5
31;4;2.75
32;4;2.7
33;4;2.6
34;4;2.8
35;4;2.55
36;4;2.7
37;4;2.65
38;4;2.75
39;4;2.55
40;4;2.75
41;4;2.7
42;4;2.7
43;4;2.7
44;4;2.65
45;4;2.75
46;4;2.75
47;4;2.7
48;4;2.75
49;4;2.75
50;4;2.7
51;4;2.75
52;4;2.7
53;4;2.75
54;4;2.85
55;4;2.75
56;4;2.7
57;4;2.7
58;4;2.7
59;4;2.8
60;4;2.8
61;4;2.75
62;4;2.8
63;4;2.8
64;4;2.95
65;4;2.8
66;4;3.05
67;4;2.85
68;4;2.9
69;4;2.95
70;4;2.9
71;4;2.85
72;4;3.0
73;4;2.9
74;4;2.9
75;4;2.8
76;4;2.8
77;4;2.85
78;4;2.85
79;4;2.6
80;4;2.9
81;4;2.85
82;4;2.95
83;4;3.0
84;4;3.0
85;4;2.9
86;4;2.9
87;4;2.95
88;4;2.95
89;4;2.9
90;4;3.0
91;4;3.05
92;4;3.0
93;4;2.9
94;4;2.9
95;4;3.05
96;4;2.9
97;4;3.0
98;4;2.9
99;4;2.9
100;4;2.95
101;4;2.9
102;4;3.25
103;4;3.15
104;4;2.85
105;4;3.1
106;4;3.2
107;4;3.15
108;4;3.05
109;4;3.05
110;4;3.2
111;4;3.2
112;4;3.2
113;4;3.2
114;4;3.15
115;4;3.3
116;4;3.1
117;4;3.25
118;4;3.1
119;4;3.2
120;4;3.45
121;4;3.2
122;4;3.25
123;4;3.15
124;4;3.1
125;4;3.15
126;4;3.25
127;4;3.15
128;4;3.2
129;4;3.1
130;4;3.3
131;4;3.35
132;4;3.15
133;4;3.1
134;4;3.2
135;4;3.15
136;4;3.35
137;4;3.3
138;4;3.2
139;4;3.3
140;4;3.15
141;4;3.1
142;4;3.15
143;4;3.2
144;4;3.1
145;4;3.1
146;4;3.15
147;4;3.2
148;4;3.2
149;4;3.2
150;4;3.2
151;4;3.15
152;4;3.1
153;4;3.2
154;4;3.1
155;4;3.15
156;4;3.2
157;4;3.15
158;4;3.15
159;4;3.2
160;4;3.2
161;4;3.35
162;4;3.2
163;4;3.2
164;4;3.25
165;4;3.3
166;4;3.15
167;4;3.15
Meranie: 16
0;2;1.3
1;2;1.65
2;3;1.8
3;3;2.2
4;3;2.2
5;3;2.2
6;3;2.2
7;3;2.2
8;3;2.2
9;3;2.25
10;3;2.3
11;4;2.4
12;4;2.5
13;4;2.6
14;4;2.6
15;4;2.6
16;4;2.7
17;4;2.75
18;4;2.95
19;4;2.8
20;4;2.9
21;4;2.95
22;4;2.9
23;4;2.8
24;4;2.9
25;4;2.95
26;4;2.85
27;4;2.7
28;4;3.05
29;4;2.95
30;4;2.85
31;4;2.9
32;4;2.9
33;4;2.95
34;4;3.05
35;4;3.05
36;4;3.05
37;4;3.0
38;4;3.15
39;4;3.0
40;4;3.0
41;4;3.1
42;4;3.1
43;4;3.05
44;4;3.15
45;4;3.0
46;4;2.95
47;4;3.1
48;4;3.1
49;4;3.1
50;4;3.0
51;4;3.05
52;4;3.0
53;4;3.1
54;4;3.05
55;4;3.05
56;4;3.0
57;4;3.1
58;4;3.0
59;4;3.0
60;4;2.95
61;4;2.95
62;4;3.0
63;4;3.25
64;4;3.05
65;4;3.0
66;4;3.1
67;4;3.1
68;4;3.05
69;4;3.1
70;4;3.05
71;4;3.0
72;4;3.1
73;4;3.0
74;4;3.2
75;4;3.0
76;4;3.15
77;4;3.1
78;4;3.0
79;4;3.0
80;4;3.05
81;4;3.05
82;4;3.0
83;4;3.1
84;4;3.0
85;4;3.15
86;4;3.1
87;4;3.1
88;4;3.25
89;4;3.1
90;4;3.1
91;4;2.95
92;4;3.25
93;4;3.2
94;4;2.9
95;4;3.2
96;4;3.1
97;4;3.2
98;4;3.2
99;4;3.1
100;4;3.2
101;4;3.3
102;4;3.15
103;4;3.2
104;4;3.2
105;4;3.2
106;4;3.25
107;4;3.15
108;4;3.1
109;4;3.15
Meranie: 17
0;2;1.35
1;2;1.8
2;2;1.7
3;2;1.85
4;2;1.9
5;3;2.2
6;3;2.2
7;3;2.2
8;3;2.25
9;3;2.3
10;3;2.3
11;3;2.3
12;3;2.35
13;3;2.4
14;3;2.45
15;3;2.45
16;4;2.55
17;4;2.5
18;4;2.7
19;4;2.65
20;4;2.75
21;4;2.65
22;4;2.7
23;4;2.75
24;4;2.7
25;4;2.65
26;4;2.7
27;4;2.65
28;4;2.75
29;4;2.6
30;4;2.65
31;4;2.9
32;4;2.8
33;4;2.75
34;4;2.7
35;4;2.9
36;4;2.75
37;4;2.9
38;4;2.9
39;4;2.8
40;4;2.95
41;4;2.8
42;4;2.8
43;4;2.95
44;4;2.85
45;4;2.95
46;4;3.0
47;4;3.05
48;4;3.05
49;4;3.05
50;4;3.05
51;4;3.0
52;4;3.1
53;4;3.05
54;4;3.2
55;4;3.0
56;4;3.05
57;4;3.0
58;4;3.15
59;4;2.95
Meranie: 18
0;2;1.6
1;2;1.85
2;3;2.15
3;3;2.2
4;3;2.2
5;3;2.2
6;3;2.2
7;3;2.25
8;4;2.45
9;4;2.35
10;4;2.5
11;4;2.5
12;4;2.55
13;4;2.55
14;4;2.65
15;4;2.2
16;4;2.65
17;4;2.75
18;4;2.75
19;4;2.7
20;4;2.7
21;4;2.7
22;4;2.75
23;4;2.7
24;4;2.7
25;4;2.75
26;4;2.7
27;4;2.75
28;4;2.75
29;4;2.75
30;4;2.85
31;4;2.75
32;4;2.8
33;4;2.85
34;4;2.85
35;4;2.8
36;4;2.85
37;4;2.85
38;4;2.85
39;4;2.85
40;4;2.95
41;4;2.9
42;4;3.0
43;4;2.9
44;4;2.95
45;4;2.95
46;4;3.0
47;4;3.0
48;4;3.05
49;4;2.95
50;4;3.25
51;4;3.15
52;4;3.05
53;4;3.1
54;4;3.05
55;4;3.1
56;4;3.25
57;4;3.15
58;4;3.2
59;4;3.3
60;4;3.3
61;4;3.1
62;4;3.55
63;4;3.4
64;4;3.3
65;4;3.4
66;4;3.2
67;4;3.2
68;4;3.2
69;4;3.1
70;4;3.3
71;4;3.15
72;4;3.25
73;4;3.3
74;4;3.45
75;4;3.3
76;4;3.4
77;4;3.3
78;4;3.5
79;4;3.45
80;4;3.3
81;4;3.55
82;4;3.3
83;4;3.35
84;4;3.3
85;4;3.65
86;4;3.5
87;4;3.65
88;4;3.3
89;4;3.15
90;4;3.45
91;4;3.4
92;4;3.2
93;4;3.15
94;4;3.5
95;4;3.3
96;4;3.15
97;4;3.4
98;4;3.3
99;4;3.5
100;4;3.2
101;4;3.25
102;4;3.55
103;4;3.45
104;4;3.4
105;4;3.35
106;4;3.35
107;4;3.25
108;4;3.2
109;4;3.6
110;4;3.35
111;4;3.65
112;4;3.5
113;4;3.4
114;4;3.2
115;4;3.6
116;4;3.25
117;4;3.25
118;4;3.45
119;4;3.25
120;4;3.2
121;4;3.25
122;4;3.1
123;4;3.45
124;4;3.45
125;4;3.45
126;4;3.25
127;4;3.5
128;4;3.55
129;4;3.5
130;4;3.35
131;4;3.2
132;4;3.7
133;4;3.4
134;4;3.3
135;4;3.45
136;4;3.3
137;4;3.35
138;4;3.55
139;4;3.1
140;4;3.35
141;4;3.15
142;4;3.4
143;4;3.3
144;4;3.3
145;4;3.7
146;4;3.8
147;4;3.35
148;4;3.5
149;4;3.55
150;4;3.65
151;4;3.45
152;4;3.7
153;4;3.8
154;4;3.4
155;4;3.5
156;4;3.7
157;4;3.3
158;4;3.5
159;4;3.15
160;4;3.9
161;4;3.35
162;4;3.6
163;4;3.4
164;4;3.4
165;4;3.5
166;4;3.45
167;4;3.5
168;4;3.6
169;4;3.55
170;4;3.55
171;4;3.75
172;4;3.45
173;4;3.65
174;4;3.45
175;4;3.6
176;4;3.5
177;4;3.35
178;4;3.45
179;4;3.45
180;4;3.5
181;4;3.8
182;4;3.75
183;4;3.75
184;4;3.35
185;4;3.4
186;4;3.5
187;4;3.4
188;4;3.45
189;4;3.5
190;4;3.45
191;4;3.6
192;4;3.4
193;4;3.45
194;4;3.35
195;4;3.75
196;4;3.4
197;4;3.35
198;4;3.5
199;4;3.3
200;4;3.3
201;4;3.5
202;4;3.5
203;4;3.35
204;4;3.5
205;4;3.7
206;4;3.5
207;4;3.5
208;4;3.6
209;4;3.7
210;4;3.65
211;4;3.4
212;4;3.4
213;4;3.65
214;4;3.45
215;4;3.65
216;4;3.2
217;4;3.65
218;4;3.45
219;4;3.5
220;4;3.75
221;4;3.4
222;4;3.5
223;4;3.2
224;4;3.6
225;4;3.6
226;4;3.5
227;4;3.4
228;4;3.3
229;4;3.35
230;4;3.35
231;4;3.55
232;4;3.7
233;4;3.4
234;4;3.6
235;4;3.25
236;4;3.45
237;4;3.55
238;4;3.4
239;4;3.65
240;4;3.4
241;4;3.25
242;4;3.6
243;4;3.55
244;4;3.2
245;4;3.45
246;4;3.4
247;4;3.9
248;4;3.45
249;4;3.55
250;4;3.2
251;4;3.55
252;4;3.15
253;4;3.5
254;4;3.3
255;4;3.5
256;4;3.5
257;4;3.4
258;4;3.45
259;4;3.4
260;4;3.25
261;4;3.6
262;4;3.35
263;4;3.15
264;4;3.45
265;4;3.25
266;4;3.3
267;4;3.55
Meranie: 19
0;2;1.8
1;2;1.85
2;2;2.0
3;3;2.15
4;3;2.15
5;3;2.2
6;3;2.2
7;3;2.2
8;3;2.0
9;3;2.2
10;3;2.15
11;3;2.05
12;3;2.4
13;4;2.5
14;4;2.65
15;4;2.65
16;4;2.75
17;4;2.7
18;4;2.75
19;4;2.65
20;4;2.65
21;4;2.65
22;4;2.65
23;4;2.65
24;4;2.45
25;4;2.7
26;4;2.65
27;4;2.85
28;4;2.7
29;4;2.5
30;4;2.8
31;4;2.7
32;4;2.6
33;4;2.65
34;4;2.7
35;4;2.85
36;4;2.8
37;4;2.7
38;4;2.8
39;4;2.8
40;4;2.8
41;4;2.75
42;4;2.9
43;4;2.8
44;4;2.75
45;4;2.75
46;4;2.85
47;4;2.8
48;4;2.8
49;4;2.8
50;4;2.8
51;4;2.7
52;4;2.7
53;4;2.85
54;4;2.8
55;4;2.9
56;4;2.9
57;4;2.85
58;4;2.9
59;4;2.9
60;4;2.95
61;4;2.95
62;4;2.9
63;4;3.05
64;4;3.05
65;4;2.9
66;4;2.9
67;4;2.95
68;4;2.9
69;4;3.1
70;4;2.95
71;4;3.1
72;4;2.95
73;4;3.05
74;4;2.85
75;4;3.0
76;4;3.0
77;4;3.25
78;4;3.0
79;4;3.15
80;4;3.15
81;4;3.1
82;4;3.2
83;4;3.2
84;4;3.15
Meranie: 20
0;2;1.35
1;3;1.8
2;3;1.95
3;3;1.9
4;3;2.2
5;3;2.2
6;3;2.2
7;3;2.35
8;4;2.5
9;4;2.55
10;4;2.5
11;4;2.55
12;4;2.55
13;4;2.65
14;4;2.65
15;4;2.7
16;4;2.75
17;4;2.65
18;4;2.65
19;4;2.7
20;4;2.7
21;4;2.45
22;4;2.7
23;4;2.7
24;4;2.8
25;4;2.75
26;4;2.75
27;4;2.8
28;4;2.75
29;4;2.7
30;4;2.8
31;4;2.85
32;4;2.7
33;4;2.75
34;4;2.75
35;4;2.9
36;4;2.85
37;4;2.9
38;4;2.95
39;4;2.65
40;4;2.8
41;4;2.9
42;4;2.8
43;4;2.8
44;4;2.95
45;4;2.9
46;4;2.8
47;4;2.95
48;4;2.95
49;4;2.95
50;4;2.75
51;4;2.85
52;4;2.95
53;4;3.0
54;4;2.95
55;4;2.95
56;4;2.95
57;4;2.9
58;4;2.95
59;4;2.95
60;4;2.9
61;4;3.0
62;4;2.9
63;4;3.0
64;4;3.15
65;4;3.05
66;4;3.15
67;4;3.0
68;4;3.15
69;4;3.1
70;4;3.15
71;4;2.95
72;4;3.1
73;4;3.2
74;4;3.05
75;4;3.05
76;4;3.1
77;4;3.15
78;4;3.05
79;4;3.2
80;4;3.2
81;4;3.15
82;4;3.2
83;4;3.3
84;4;3.1
85;4;3.15
86;4;3.1
87;4;3.2
88;4;3.3
89;4;3.15
90;4;3.15
91;4;3.2
92;4;3.2
93;4;3.15
94;4;3.1
95;4;3.15
96;4;3.1
97;4;3.1
98;4;3.2
99;4;3.35
100;4;2.9
101;4;3.1
102;4;3.1
103;4;3.1
104;4;3.25
105;4;3.25
106;4;3.1
107;4;3.15
108;4;3.1
109;4;2.8
110;4;3.1
111;4;3.15
112;4;3.35
113;4;3.35
114;4;3.1
115;4;3.2
116;4;3.1
117;4;3.05
118;4;3.1
119;4;3.2
120;4;3.1
121;4;3.2
122;4;3.1
123;4;3.1
124;4;3.2
