Meranie: 0
0;2;1.55
1;2;1.5
2;2;1.85
3;2;1.5
4;2;1.75
5;2;1.75
6;3;1.65
7;3;1.75
8;2;1.65
9;3;2.15
10;2;2.1
11;2;2.05
12;3;1.95
13;2;2.1
14;3;2.2
15;2;2.1
16;2;2.1
17;2;2.1
18;2;2.1
19;3;2.15
20;2;2.1
21;3;2.35
22;2;2.1
23;3;2.2
24;3;2.25
25;3;2.15
26;3;2.15
27;3;2.3
28;3;2.2
29;3;2.25
30;3;2.45
31;3;2.35
32;3;2.3
33;3;2.35
34;3;2.15
35;3;2.4
36;3;2.2
37;3;2.25
38;4;2.45
39;3;2.35
40;3;2.25
41;3;2.25
42;3;2.2
43;4;2.3
44;3;2.35
45;4;2.55
46;3;2.3
47;3;2.3
48;3;2.3
49;3;2.2
50;3;2.2
51;4;2.35
52;4;2.45
53;4;2.55
54;4;2.35
55;3;2.35
56;3;2.3
57;4;2.5
58;3;2.3
59;3;2.2
60;3;2.4
61;3;2.3
62;3;2.3
63;3;2.3
64;3;2.25
65;3;2.25
66;3;2.3
67;3;2.55
68;3;2.4
69;3;2.35
70;3;2.5
71;3;2.2
72;3;2.3
73;3;2.2
74;2;2.1
75;3;2.2
76;3;2.2
77;3;2.35
78;4;2.3
79;3;2.25
80;3;2.2
81;3;2.45
82;3;2.35
83;3;2.15
84;4;2.3
85;3;2.2
86;3;2.25
87;2;2.1
88;3;2.25
89;3;2.15
90;3;2.25
91;3;2.2
92;3;2.15
93;3;2.15
94;3;2.15
95;4;2.25
96;3;2.15
97;2;2.1
98;3;2.15
99;2;2.1
100;3;2.3
101;3;2.2
102;3;2.25
103;4;2.25
104;2;2.1
105;3;2.2
106;3;2.15
107;3;2.25
108;3;2.25
109;3;2.3
110;2;2.1
111;3;2.25
112;2;2.1
113;3;2.15
114;3;2.15
115;2;2.1
116;3;2.2
117;4;2.2
118;4;2.2
119;3;2.2
120;2;2.1
121;2;2.1
122;2;2.1
123;2;2.1
124;3;2.15
125;2;2.1
126;3;2.15
127;2;2.1
128;2;2.1
129;2;2.1
130;2;2.1
131;3;2.15
132;2;2.1
133;2;2.1
134;2;2.1
135;2;2.1
136;2;2.1
137;2;2.1
138;2;2.1
139;2;2.1
140;2;2.1
141;2;2.1
142;2;2.1
143;2;2.1
144;2;2.1
145;2;2.1
146;2;2.1
147;3;2.15
148;2;2.1
149;2;2.1
150;2;2.1
151;2;2.1
152;2;2.1
153;2;2.1
154;2;2.1
155;2;2.1
156;3;2.15
157;3;2.15
158;3;2.15
159;2;2.1
160;2;2.1
161;2;2.1
162;3;2.15
163;3;2.15
164;2;2.1
165;3;2.2
166;2;2.1
167;2;2.1
168;2;2.1
169;2;2.1
170;2;2.1
171;2;2.1
172;2;2.1
173;2;2.1
174;2;2.1
175;2;2.1
176;2;2.1
177;2;2.1
178;3;2.15
179;2;2.1
180;2;2.1
181;2;2.1
182;2;2.1
183;2;2.1
184;2;2.1
185;2;2.1
186;2;2.1
187;2;2.1
188;2;2.1
189;3;2.15
190;2;2.1
191;2;2.1
192;2;2.1
193;2;2.1
194;2;2.1
195;2;2.1
196;2;2.1
197;2;2.1
198;2;2.1
199;2;2.1
200;2;2.1
201;2;2.1
202;2;2.1
203;2;2.1
204;2;2.1
205;3;2.15
206;2;2.1
207;2;2.1
208;2;2.1
209;2;2.1
210;2;2.1
211;2;2.1
212;2;2.1
213;2;2.1
214;2;2.1
215;2;2.1
216;2;2.1
217;2;2.1
218;2;2.1
219;2;2.1
220;2;2.1
221;2;2.1
222;2;2.1
223;2;2.1
224;2;2.1
225;3;2.15
226;2;2.1
227;2;2.1
228;2;2.1
229;2;2.1
230;2;2.1
231;2;2.1
232;2;2.1
233;2;2.1
234;2;2.1
235;2;2.1
236;2;2.1
237;2;2.1
238;2;2.1
239;2;2.1
240;2;2.1
241;2;2.1
242;2;2.1
243;2;2.1
244;2;2.1
245;2;2.1
246;2;2.1
247;2;2.1
248;2;2.1
249;2;2.1
250;2;2.1
251;2;2.1
252;3;2.15
253;2;2.1
254;2;2.1
255;2;2.1
256;2;2.1
257;2;2.1
258;3;2.15
259;2;2.1
260;2;2.1
261;2;2.1
262;2;2.1
263;2;2.1
264;2;2.1
265;2;2.1
266;2;2.1
267;2;2.1
268;2;2.1
269;2;2.1
270;2;2.1
271;2;2.1
272;2;2.1
273;2;2.1
274;2;2.1
275;2;2.1
276;2;2.1
277;2;2.1
278;2;2.1
279;2;2.1
280;2;2.1
281;2;2.1
282;2;2.1
283;2;2.1
284;2;2.1
285;2;2.1
286;2;2.1
287;2;2.1
288;4;2.2
289;2;2.1
290;2;2.1
291;2;2.1
292;2;2.1
293;2;2.1
294;2;2.1
295;2;2.1
296;2;2.1
297;2;2.1
298;2;2.1
299;2;2.1
300;2;2.1
301;2;2.1
302;2;2.1
303;2;2.1
304;2;2.1
305;2;2.1
306;2;2.1
307;2;2.1
308;2;2.1
309;2;2.1
310;2;2.1
311;2;2.1
312;2;2.1
313;3;2.15
314;3;2.15
315;3;2.2
316;3;2.15
317;2;2.1
318;4;2.2
319;3;2.15
320;2;2.1
321;3;2.15
322;2;2.1
323;2;2.1
324;2;2.1
325;3;2.15
326;2;2.1
327;3;2.15
328;2;2.1
329;2;2.1
330;2;2.1
331;2;2.1
332;2;2.1
333;2;2.1
334;2;2.1
335;2;2.1
336;2;2.1
337;2;2.1
338;2;2.1
339;2;2.1
340;2;2.1
341;2;2.1
342;2;2.1
343;2;2.1
344;2;2.1
345;2;2.1
346;2;2.1
347;2;2.1
348;2;2.1
349;2;2.1
350;2;2.1
351;3;2.15
352;2;2.1
353;3;2.15
354;2;2.1
355;2;2.1
356;2;2.1
357;3;2.15
358;2;2.1
359;2;2.1
360;2;2.1
361;2;2.1
362;2;2.1
363;2;2.1
364;2;2.1
365;3;2.15
366;3;2.15
367;3;2.15
368;3;2.15
369;2;2.1
370;2;2.1
371;2;2.1
372;2;2.1
373;2;2.1
374;2;2.1
375;2;2.1
376;2;2.1
377;2;2.1
378;2;2.1
379;3;2.2
380;3;2.15
381;2;2.1
382;2;2.1
383;2;2.1
384;3;2.15
385;3;2.15
386;2;2.1
387;2;2.1
388;2;2.1
389;2;2.1
390;2;2.1
391;2;2.1
392;2;2.1
393;2;2.1
Meranie: 1
0;2;1.5
1;2;1.6
2;2;1.8
3;3;2.0
4;2;1.8
5;4;1.85
6;3;2.15
7;2;2.1
8;2;2.1
9;2;2.1
10;2;2.1
11;3;2.15
12;3;2.15
13;2;2.1
Meranie: 2
0;2;1.6
1;2;1.65
2;2;2.1
3;2;2.1
4;2;2.1
5;2;2.1
6;2;2.1
7;3;2.15
8;3;2.25
9;2;2.1
10;2;2.1
11;2;2.1
12;2;2.1
13;2;2.1
14;4;2.2
15;3;2.15
16;2;2.1
17;3;2.15
18;2;2.1
19;3;2.15
20;2;2.1
21;3;2.15
22;3;2.25
23;3;2.3
24;3;2.25
25;3;2.2
26;2;2.1
27;2;2.1
28;3;2.15
29;3;2.15
30;3;2.2
31;3;2.25
32;3;2.2
33;2;2.1
34;3;2.15
35;3;2.15
36;2;2.1
37;3;2.3
38;3;2.25
39;3;2.25
40;3;2.25
41;3;2.25
42;3;2.25
43;3;2.2
44;2;2.1
45;3;2.25
46;2;2.1
47;3;2.15
48;3;2.25
49;3;2.35
50;3;2.25
51;3;2.2
52;3;2.2
53;3;2.25
54;3;2.2
55;3;2.35
56;3;2.2
57;3;2.4
58;3;2.15
59;3;2.2
60;3;2.15
61;3;2.15
62;4;2.3
63;3;2.3
64;3;2.35
65;2;2.1
66;3;2.15
67;2;2.1
68;4;2.35
69;3;2.2
70;3;2.3
71;3;2.2
72;3;2.25
73;3;2.25
74;3;2.3
75;4;2.35
76;3;2.25
77;4;2.4
78;3;2.3
79;3;2.25
80;3;2.25
81;3;2.2
82;3;2.15
83;3;2.2
84;3;2.2
85;3;2.15
86;3;2.35
87;3;2.15
88;4;2.45
89;3;2.4
90;4;2.5
91;3;2.25
92;3;2.25
93;4;2.45
94;3;2.3
95;4;2.45
96;3;2.45
97;3;2.2
98;3;2.25
99;4;2.6
100;3;2.3
101;4;2.35
102;4;2.4
103;3;2.3
104;3;2.25
105;3;2.3
106;3;2.25
107;3;2.3
108;3;2.25
Meranie: 3
0;2;1.55
1;2;1.6
2;2;1.7
3;3;2.15
4;3;2.0
5;2;2.1
6;2;2.05
7;3;2.2
8;3;2.15
9;3;2.25
10;3;2.2
11;2;2.1
12;3;2.15
13;3;2.15
14;3;2.15
15;3;2.15
16;3;2.25
17;2;2.1
18;3;2.3
19;3;2.15
20;3;2.15
21;3;2.2
22;3;2.35
23;3;2.4
24;3;2.35
25;3;2.25
26;3;2.2
27;3;2.2
28;3;2.15
29;3;2.3
30;3;2.3
31;2;2.1
32;4;2.25
33;3;2.35
34;2;2.1
35;2;2.1
36;3;2.25
37;3;2.15
38;3;2.15
39;3;2.2
40;3;2.2
41;3;2.25
42;3;2.25
43;3;2.2
44;3;2.15
45;4;2.35
46;2;2.1
47;3;2.15
48;3;2.25
49;3;2.15
50;3;2.2
51;2;2.1
52;2;2.1
53;2;2.1
54;3;2.2
55;2;2.1
56;3;2.15
57;2;2.1
58;3;2.15
59;2;2.1
60;3;2.15
61;2;2.1
62;2;2.1
63;2;2.1
64;2;2.1
65;2;2.1
66;3;2.15
67;3;2.15
68;2;2.1
69;2;2.1
70;2;2.1
71;2;2.1
72;2;2.1
73;3;2.2
74;3;2.2
75;2;2.1
76;2;2.1
77;2;2.1
78;2;2.1
79;2;2.1
80;2;2.1
81;2;2.1
82;2;2.1
83;2;2.1
84;2;2.1
85;3;2.15
86;3;2.15
87;2;2.1
88;2;2.1
89;2;2.1
90;2;2.1
91;2;2.1
92;2;2.1
93;2;2.1
94;2;2.1
95;2;2.1
96;2;2.1
97;2;2.1
98;2;2.1
99;3;2.15
100;2;2.1
101;2;2.1
102;2;2.1
103;4;2.2
104;2;2.1
105;2;2.1
106;2;2.1
107;2;2.1
Meranie: 4
0;2;1.5
1;2;1.65
2;2;1.85
3;3;2.15
4;2;1.8
5;2;2.1
6;2;2.1
7;2;2.1
8;2;2.1
9;2;2.1
10;2;2.1
11;3;2.15
12;2;2.1
13;3;2.2
14;2;2.1
15;3;2.15
16;2;2.1
17;3;2.15
18;2;2.1
19;2;2.1
20;2;2.1
21;2;2.1
22;2;2.1
23;3;2.15
24;3;2.15
25;2;2.1
26;2;2.1
27;2;2.1
28;2;2.1
29;2;2.1
30;2;2.1
31;3;2.15
32;3;2.15
33;2;2.1
34;2;2.1
35;3;2.15
36;3;2.15
37;2;2.1
38;2;2.1
39;3;2.15
40;2;2.1
41;2;2.1
42;3;2.15
43;2;2.1
44;2;2.1
45;3;2.2
46;3;2.15
47;3;2.15
48;3;2.15
49;2;2.1
50;3;2.2
51;4;2.3
52;3;2.15
53;3;2.15
54;4;2.35
55;2;2.1
56;3;2.2
57;3;2.2
58;3;2.2
59;2;2.1
60;3;2.15
61;2;2.1
62;3;2.15
63;3;2.25
64;3;2.25
65;3;2.15
66;3;2.25
67;3;2.15
68;2;2.1
69;3;2.2
70;3;2.15
71;4;2.3
72;3;2.15
73;2;2.1
74;3;2.2
75;3;2.3
76;3;2.2
77;3;2.3
78;4;2.25
79;3;2.15
80;3;2.25
81;2;2.1
82;3;2.3
83;3;2.2
84;3;2.2
85;3;2.15
86;3;2.25
87;3;2.15
88;3;2.3
89;3;2.15
90;2;2.1
91;3;2.15
92;3;2.2
93;3;2.2
94;2;2.1
95;3;2.15
96;3;2.15
97;3;2.15
98;3;2.3
99;3;2.4
100;3;2.3
101;2;2.1
102;3;2.15
103;3;2.3
104;3;2.15
105;3;2.3
106;3;2.25
107;3;2.25
108;4;2.3
109;3;2.2
110;3;2.25
111;2;2.1
112;3;2.4
113;3;2.25
114;3;2.2
115;3;2.15
116;4;2.2
117;3;2.25
118;3;2.6
119;3;2.65
120;3;2.3
121;3;2.3
122;4;2.35
123;3;2.3
124;3;2.6
125;3;2.4
126;4;2.4
127;3;2.45
128;3;2.4
129;3;2.2
130;4;2.4
131;3;2.35
132;3;2.45
Meranie: 5
0;2;1.35
1;2;1.4
2;2;1.6
3;2;1.4
4;3;1.85
5;3;1.8
6;2;1.85
7;2;1.9
8;2;2.1
9;3;2.15
10;3;2.15
11;2;2.1
12;3;2.2
13;3;2.15
14;3;2.3
15;3;2.25
16;3;2.2
17;3;2.15
18;3;2.15
19;3;2.2
20;3;2.25
Meranie: 6
0;3;1.5
1;2;1.85
2;2;1.95
3;2;2.1
4;2;2.1
5;3;2.15
6;2;2.1
7;2;2.1
8;3;2.2
9;3;2.15
10;2;2.1
11;2;2.1
12;2;2.1
13;2;2.1
14;2;2.1
15;2;2.1
16;2;2.1
17;3;2.2
18;2;2.1
19;2;2.1
20;2;2.1
21;2;2.1
22;2;2.1
23;3;2.15
24;2;2.1
25;2;2.1
26;3;2.15
27;3;2.15
28;3;2.2
29;2;2.1
30;2;2.1
31;2;2.1
32;2;2.1
33;2;2.1
34;2;2.1
35;2;2.1
36;2;2.1
37;3;2.15
38;2;2.1
39;3;2.15
40;2;2.1
41;4;2.3
42;3;2.2
43;3;2.15
44;2;2.1
45;2;2.1
46;2;2.1
47;3;2.15
48;3;2.15
49;3;2.2
50;2;2.1
51;3;2.15
52;2;2.1
53;2;2.1
54;2;2.1
55;2;2.1
56;3;2.15
57;3;2.15
58;3;2.2
59;2;2.1
60;2;2.1
61;3;2.15
62;2;2.1
63;3;2.2
64;2;2.1
65;3;2.15
66;4;2.2
67;2;2.1
68;3;2.15
69;3;2.3
70;3;2.3
71;3;2.15
72;3;2.2
73;3;2.15
74;2;2.1
75;4;2.25
76;3;2.3
77;3;2.2
78;3;2.15
79;3;2.2
80;2;2.1
81;4;2.2
82;2;2.1
83;3;2.15
84;3;2.2
85;2;2.1
86;3;2.15
87;3;2.15
88;3;2.15
89;3;2.3
90;3;2.15
91;3;2.25
92;2;2.1
93;2;2.1
94;3;2.25
95;3;2.2
96;3;2.2
97;3;2.15
98;3;2.2
99;2;2.1
100;3;2.2
101;3;2.2
102;4;2.35
103;3;2.15
104;3;2.2
105;3;2.15
106;2;2.1
107;3;2.15
108;3;2.25
109;3;2.15
110;2;2.1
111;4;2.25
112;2;2.1
113;2;2.1
114;3;2.15
115;3;2.15
116;3;2.2
117;4;2.2
118;4;2.25
119;3;2.15
120;3;2.2
121;3;2.35
122;2;2.1
123;2;2.1
124;3;2.2
125;3;2.2
126;3;2.35
127;4;2.35
128;4;2.4
129;3;2.15
130;2;2.1
131;3;2.25
132;3;2.15
133;3;2.15
134;3;2.15
135;3;2.2
136;3;2.25
137;3;2.15
138;3;2.2
139;3;2.15
140;3;2.2
141;2;2.1
142;2;2.1
143;2;2.1
144;3;2.2
145;2;2.1
146;3;2.15
147;3;2.2
148;3;2.15
149;3;2.15
150;3;2.2
151;3;2.25
152;2;2.1
153;3;2.15
154;3;2.15
155;4;2.3
156;4;2.2
157;3;2.15
158;2;2.1
159;2;2.1
160;2;2.1
161;3;2.15
162;3;2.15
163;3;2.15
164;2;2.1
165;2;2.1
166;3;2.25
167;4;2.25
168;2;2.1
169;3;2.15
170;3;2.2
171;3;2.15
172;4;2.25
173;3;2.2
174;3;2.15
175;2;2.1
176;3;2.15
177;3;2.2
178;3;2.2
179;2;2.1
180;2;2.1
181;4;2.2
182;2;2.1
183;3;2.15
184;2;2.1
185;2;2.1
186;3;2.15
187;2;2.1
188;2;2.1
189;3;2.2
190;2;2.1
191;2;2.1
192;2;2.1
193;2;2.1
194;2;2.1
195;2;2.1
196;2;2.1
197;2;2.1
198;3;2.15
199;3;2.15
200;2;2.1
201;2;2.1
202;2;2.1
203;2;2.1
204;2;2.1
205;2;2.1
206;3;2.15
207;3;2.15
208;2;2.1
209;3;2.15
210;4;2.2
211;2;2.1
212;2;2.1
213;2;2.1
214;2;2.1
215;2;2.1
216;2;2.1
217;2;2.1
218;2;2.1
219;2;2.1
220;2;2.1
221;2;2.1
222;2;2.1
223;2;2.1
224;3;2.2
225;2;2.1
226;4;2.2
227;2;2.1
228;2;2.1
229;2;2.1
230;4;2.2
231;3;2.15
232;2;2.1
233;2;2.1
234;3;2.15
235;2;2.1
236;2;2.1
237;2;2.1
238;3;2.15
239;2;2.1
240;2;2.1
241;2;2.1
242;2;2.1
243;2;2.1
244;2;2.1
245;3;2.2
246;2;2.1
247;2;2.1
248;2;2.1
249;2;2.1
250;2;2.1
251;2;2.1
252;2;2.1
253;2;2.1
254;2;2.1
255;2;2.1
256;3;2.15
257;2;2.1
258;3;2.15
259;2;2.1
260;2;2.1
261;3;2.2
262;2;2.1
263;2;2.1
264;2;2.1
265;2;2.1
266;2;2.1
267;2;2.1
268;2;2.1
269;3;2.15
270;2;2.1
271;3;2.15
272;2;2.1
273;2;2.1
274;2;2.1
275;2;2.1
276;3;2.15
277;2;2.1
278;2;2.1
279;2;2.1
280;2;2.1
281;2;2.1
282;2;2.1
283;2;2.1
284;2;2.1
285;2;2.1
286;2;2.1
287;2;2.1
288;3;2.15
289;2;2.1
290;2;2.1
291;2;2.1
292;2;2.1
293;2;2.1
294;2;2.1
295;2;2.1
296;2;2.1
297;3;2.15
298;2;2.1
299;2;2.1
300;2;2.1
301;2;2.1
302;2;2.1
303;2;2.1
304;2;2.1
305;2;2.1
306;2;2.1
307;2;2.1
308;2;2.1
309;2;2.1
310;2;2.1
311;3;2.15
312;2;2.1
313;4;2.2
314;2;2.1
315;3;2.15
316;3;2.15
317;3;2.2
318;2;2.1
319;3;2.15
320;3;2.15
321;2;2.1
322;2;2.1
323;2;2.1
324;2;2.1
325;2;2.1
326;3;2.15
327;2;2.1
328;2;2.1
329;2;2.1
330;2;2.1
331;2;2.1
332;2;2.1
333;2;2.1
334;2;2.1
335;3;2.15
336;2;2.1
337;3;2.15
338;2;2.1
339;3;2.2
340;2;2.1
341;2;2.1
342;2;2.1
343;2;2.1
344;2;2.1
345;2;2.1
346;3;2.15
347;3;2.15
348;2;2.1
349;2;2.1
350;3;2.15
351;2;2.1
352;2;2.1
353;2;2.1
354;2;2.1
355;3;2.15
356;2;2.1
357;2;2.1
358;2;2.1
359;2;2.1
360;2;2.1
361;2;2.1
362;2;2.1
363;2;2.1
364;2;2.1
365;2;2.1
366;2;2.1
367;2;2.1
368;2;2.1
369;2;2.1
370;2;2.1
371;2;2.1
372;3;2.15
373;2;2.1
374;2;2.1
375;2;2.1
376;2;2.1
377;3;2.15
378;2;2.1
379;2;2.1
380;2;2.1
381;2;2.1
382;2;2.1
383;2;2.1
384;2;2.1
385;2;2.1
386;2;2.1
387;2;2.1
388;2;2.1
389;2;2.1
390;3;2.15
391;2;2.1
392;2;2.1
393;2;2.1
394;2;2.1
395;2;2.1
396;3;2.25
397;3;2.15
398;3;2.15
399;3;2.2
400;3;2.15
401;2;2.1
402;4;2.3
403;3;2.15
404;2;2.1
405;2;2.1
406;3;2.15
407;2;2.1
408;3;2.15
409;2;2.1
410;2;2.1
411;2;2.1
412;2;2.1
413;2;2.1
414;2;2.1
415;2;2.1
Meranie: 7
0;2;1.5
1;2;1.5
2;2;1.75
3;2;1.9
4;2;2.1
5;2;2.1
6;2;2.1
7;2;2.1
8;2;2.1
9;3;2.15
10;2;2.1
11;3;2.15
12;2;2.1
13;2;2.1
14;2;2.1
15;3;2.15
16;3;2.15
17;2;2.1
18;2;2.1
19;2;2.1
20;2;2.1
21;2;2.1
22;2;2.1
23;2;2.1
24;2;2.1
25;3;2.15
26;2;2.1
27;3;2.15
28;2;2.1
29;2;2.1
30;2;2.1
31;3;2.15
32;2;2.1
33;2;2.1
34;2;2.1
35;2;2.1
36;2;2.1
37;2;2.1
38;2;2.1
39;2;2.1
40;2;2.1
41;2;2.1
42;3;2.15
43;3;2.15
44;2;2.1
45;2;2.1
46;2;2.1
47;2;2.1
48;2;2.1
49;2;2.1
50;2;2.1
51;2;2.1
52;3;2.15
53;2;2.1
54;2;2.1
55;2;2.1
56;2;2.1
57;2;2.1
58;2;2.1
59;2;2.1
60;2;2.1
61;2;2.1
62;2;2.1
63;2;2.1
64;2;2.1
65;2;2.1
66;2;2.1
67;2;2.1
68;2;2.1
69;2;2.1
70;2;2.1
71;2;2.1
72;2;2.1
73;2;2.1
74;2;2.1
75;2;2.1
76;3;2.15
77;2;2.1
78;2;2.1
79;2;2.1
80;2;2.1
81;2;2.1
82;3;2.15
83;2;2.1
84;2;2.1
85;2;2.1
86;2;2.1
87;2;2.1
88;2;2.1
89;2;2.1
90;2;2.1
91;2;2.1
92;2;2.1
93;2;2.1
94;2;2.1
95;2;2.1
96;2;2.1
97;2;2.1
98;2;2.1
99;2;2.1
100;2;2.1
101;2;2.1
102;2;2.1
103;2;2.1
104;2;2.1
105;2;2.1
106;2;2.1
107;2;2.1
108;2;2.1
109;2;2.1
110;3;2.15
111;2;2.1
112;2;2.1
113;2;2.1
114;2;2.1
115;2;2.1
116;2;2.1
117;2;2.1
118;2;2.1
119;2;2.1
120;2;2.1
121;2;2.1
122;2;2.1
123;2;2.1
124;2;2.1
125;2;2.1
126;2;2.1
127;2;2.1
128;2;2.1
129;2;2.1
130;2;2.1
131;2;2.1
132;2;2.1
133;2;2.1
134;2;2.1
135;3;2.15
136;2;2.1
137;2;2.1
138;3;2.15
139;3;2.15
140;2;2.1
141;2;2.1
142;2;2.1
143;2;2.1
144;2;2.1
145;2;2.1
146;2;2.1
147;2;2.1
148;2;2.1
149;2;2.1
150;2;2.1
151;2;2.1
152;2;2.1
153;2;2.1
154;2;2.1
155;2;2.1
156;2;2.1
157;2;2.1
158;2;2.1
159;2;2.1
160;2;2.1
161;2;2.1
162;2;2.1
163;2;2.1
164;2;2.1
165;2;2.1
166;2;2.1
167;2;2.1
168;2;2.1
169;2;2.1
170;3;2.15
171;2;2.1
172;2;2.1
173;2;2.1
174;2;2.1
175;3;2.15
176;3;2.15
177;2;2.1
178;3;2.15
179;2;2.1
180;3;2.2
181;3;2.15
182;3;2.15
183;2;2.1
184;2;2.1
185;2;2.1
186;2;2.1
187;2;2.1
188;3;2.15
189;2;2.1
190;2;2.1
191;2;2.1
192;2;2.1
193;2;2.1
194;2;2.1
195;2;2.1
196;2;2.1
197;2;2.1
198;2;2.1
199;2;2.1
200;2;2.1
201;2;2.1
202;2;2.1
203;2;2.1
204;2;2.1
205;2;2.1
206;2;2.1
207;2;2.1
208;2;2.1
209;2;2.1
210;2;2.1
211;2;2.1
212;2;2.1
213;2;2.1
214;2;2.1
215;2;2.1
216;2;2.1
217;2;2.1
218;2;2.1
219;3;2.15
220;2;2.1
221;2;2.1
222;2;2.1
223;2;2.1
224;2;2.1
225;2;2.1
226;2;2.1
227;2;2.1
228;2;2.1
229;2;2.1
230;3;2.15
231;2;2.1
232;2;2.1
233;2;2.1
234;2;2.1
235;2;2.1
236;2;2.1
237;2;2.1
238;2;2.1
239;2;2.1
240;2;2.1
241;2;2.1
242;2;2.1
243;2;2.1
244;2;2.1
245;2;2.1
246;3;2.15
247;3;2.15
248;2;2.1
249;2;2.1
250;3;2.15
251;2;2.1
252;2;2.1
253;2;2.1
254;2;2.1
255;2;2.1
256;2;2.1
257;2;2.1
258;2;2.1
259;3;2.15
260;2;2.1
261;2;2.1
262;2;2.1
263;2;2.1
264;2;2.1
265;2;2.1
266;2;2.1
267;2;2.1
268;2;2.1
269;2;2.1
270;2;2.1
271;2;2.1
272;2;2.1
273;2;2.1
274;2;2.1
275;2;2.1
276;2;2.1
277;2;2.1
278;2;2.1
279;2;2.1
280;2;2.1
281;2;2.1
282;2;2.1
283;3;2.15
284;2;2.1
285;2;2.1
286;2;2.1
287;2;2.1
288;2;2.1
289;2;2.1
290;2;2.1
291;2;2.1
292;2;2.1
293;2;2.1
294;2;2.1
295;2;2.1
296;2;2.1
297;2;2.1
298;2;2.1
299;2;2.1
300;2;2.1
301;2;2.1
302;2;2.1
303;2;2.1
304;2;2.1
305;2;2.1
306;2;2.1
307;2;2.1
308;2;2.1
309;2;2.1
310;2;2.1
311;2;2.1
312;2;2.1
313;2;2.1
314;2;2.1
315;2;2.1
316;2;2.1
317;2;2.1
318;2;2.1
319;2;2.1
320;2;2.1
321;2;2.1
322;2;2.1
323;2;2.1
324;2;2.1
325;2;2.1
326;2;2.1
327;2;2.1
328;2;2.1
329;3;2.15
330;2;2.1
331;2;2.1
332;2;2.1
333;2;2.1
334;3;2.15
335;2;2.1
336;2;2.1
337;3;2.15
338;2;2.1
339;2;2.1
340;2;2.1
341;2;2.1
342;2;2.1
343;2;2.1
344;2;2.1
345;2;2.1
346;2;2.1
347;2;2.1
348;2;2.1
349;2;2.1
350;2;2.1
351;2;2.1
352;2;2.1
353;2;2.1
354;2;2.1
355;2;2.1
356;2;2.1
357;2;2.1
358;2;2.1
359;2;2.1
360;2;2.1
361;2;2.1
362;2;2.1
363;2;2.1
364;2;2.1
365;2;2.1
366;3;2.15
367;2;2.1
368;2;2.1
369;2;2.1
370;2;2.1
371;2;2.1
372;2;2.1
373;2;2.1
374;2;2.1
375;2;2.1
376;2;2.1
377;2;2.1
378;2;2.1
379;2;2.1
380;2;2.1
381;2;2.1
382;2;2.1
383;2;2.1
384;2;2.1
385;2;2.1
386;2;2.1
387;2;2.1
388;2;2.1
389;2;2.1
390;2;2.1
391;2;2.1
392;2;2.1
393;2;2.1
394;2;2.1
395;2;2.1
396;2;2.1
397;2;2.1
398;2;2.1
399;2;2.1
400;2;2.1
401;2;2.1
402;2;2.1
403;2;2.1
404;2;2.1
405;2;2.1
406;2;2.1
407;2;2.1
408;2;2.1
409;2;2.1
410;2;2.1
411;2;2.1
412;2;2.1
413;2;2.1
414;2;2.1
415;2;2.1
416;3;2.15
417;2;2.1
418;2;2.1
419;2;2.1
420;3;2.15
421;2;2.1
422;2;2.1
423;2;2.1
424;2;2.1
425;2;2.1
426;2;2.1
427;2;2.1
428;2;2.1
429;2;2.1
430;2;2.1
431;2;2.1
432;2;2.1
433;2;2.1
434;2;2.1
435;2;2.1
436;2;2.1
437;2;2.1
438;3;2.15
439;2;2.1
440;2;2.1
441;3;2.15
442;2;2.1
443;2;2.1
444;2;2.1
445;2;2.1
446;3;2.15
447;2;2.1
448;2;2.1
449;2;2.1
450;2;2.1
451;2;2.1
452;2;2.1
453;2;2.1
454;2;2.1
455;2;2.1
456;2;2.1
457;2;2.1
458;2;2.1
459;2;2.1
460;2;2.1
461;2;2.1
462;2;2.1
463;2;2.1
464;2;2.1
465;2;2.1
466;2;2.1
467;2;2.1
468;2;2.1
469;2;2.1
470;2;2.1
471;2;2.1
472;2;2.1
473;2;2.1
474;2;2.1
475;2;2.1
476;2;2.1
477;2;2.1
478;2;2.1
479;2;2.1
480;2;2.1
481;2;2.1
482;2;2.1
483;3;2.15
484;2;2.1
485;2;2.1
486;3;2.15
487;2;2.1
488;2;2.1
489;2;2.1
490;3;2.15
491;2;2.1
492;2;2.1
493;2;2.1
494;2;2.1
495;2;2.1
496;2;2.1
497;2;2.1
498;2;2.1
499;2;2.1
500;2;2.1
501;3;2.15
502;2;2.1
503;2;2.1
504;2;2.1
505;2;2.1
506;2;2.1
507;2;2.1
508;2;2.1
509;2;2.1
510;2;2.1
511;2;2.1
512;2;2.1
513;2;2.1
514;3;2.15
515;2;2.1
516;2;2.1
517;2;2.1
518;2;2.1
519;2;2.1
520;2;2.1
521;2;2.1
522;2;2.1
523;2;2.1
524;2;2.1
525;2;2.1
526;2;2.1
527;3;2.15
528;2;2.1
529;2;2.1
530;2;2.1
531;2;2.1
532;2;2.1
533;2;2.1
534;2;2.1
535;2;2.1
536;2;2.1
537;2;2.1
538;2;2.1
539;3;2.15
540;2;2.1
541;2;2.1
542;2;2.1
543;2;2.1
544;2;2.1
545;2;2.1
546;2;2.1
547;3;2.15
548;3;2.15
549;2;2.1
550;3;2.15
551;3;2.15
552;2;2.1
553;2;2.1
554;2;2.1
555;2;2.1
556;4;2.3
557;3;2.15
558;2;2.1
559;2;2.1
560;2;2.1
561;2;2.1
562;2;2.1
563;2;2.1
564;2;2.1
565;3;2.2
566;3;2.15
567;2;2.1
568;2;2.1
569;3;2.15
570;2;2.1
571;2;2.1
572;2;2.1
573;2;2.1
574;3;2.15
575;2;2.1
576;2;2.1
577;2;2.1
578;3;2.15
579;2;2.1
580;2;2.1
581;2;2.1
582;2;2.1
583;2;2.1
584;2;2.1
585;2;2.1
586;2;2.1
587;2;2.1
588;2;2.1
589;2;2.1
590;2;2.1
591;2;2.1
592;2;2.1
593;2;2.1
594;2;2.1
595;2;2.1
596;2;2.1
597;2;2.1
598;2;2.1
599;2;2.1
600;2;2.1
601;2;2.1
602;3;2.15
603;2;2.1
604;2;2.1
605;2;2.1
606;2;2.1
607;2;2.1
608;2;2.1
609;2;2.1
610;2;2.1
611;2;2.1
612;2;2.1
613;2;2.1
614;2;2.1
615;2;2.1
616;2;2.1
617;2;2.1
618;3;2.15
619;2;2.1
620;2;2.1
621;2;2.1
622;2;2.1
623;2;2.1
624;2;2.1
625;2;2.1
626;2;2.1
627;2;2.1
628;2;2.1
629;2;2.1
630;2;2.1
631;2;2.1
632;2;2.1
633;2;2.1
634;2;2.1
635;2;2.1
636;2;2.1
637;2;2.1
638;2;2.1
639;2;2.1
640;2;2.1
641;3;2.15
642;3;2.15
643;2;2.1
644;2;2.1
645;2;2.1
646;3;2.15
647;3;2.2
648;2;2.1
Meranie: 8
0;2;1.55
1;2;1.65
2;2;2.05
3;2;2.0
4;2;1.95
5;2;2.05
6;3;2.2
7;2;1.85
8;2;1.75
9;2;1.65
10;3;2.15
11;2;2.1
12;3;2.15
13;2;2.1
14;3;2.15
15;3;2.25
16;3;2.15
17;3;2.15
18;3;2.25
19;3;2.2
20;3;2.15
21;2;2.1
22;3;2.15
23;3;2.25
24;3;2.25
25;3;2.2
26;3;2.2
27;3;2.2
28;4;2.35
29;3;2.35
30;3;2.2
31;3;2.25
32;3;2.35
33;4;2.5
34;3;2.15
35;3;2.3
36;2;2.1
37;2;2.1
38;3;2.2
39;3;2.15
40;3;2.15
41;3;2.3
42;3;2.25
43;3;2.2
44;2;2.1
45;3;2.2
46;3;2.3
47;3;2.15
48;3;2.2
49;3;2.3
50;4;2.25
51;3;2.3
52;3;2.2
53;3;2.15
54;2;2.1
55;3;2.25
56;3;2.2
57;4;2.35
58;4;2.3
59;3;2.15
60;4;2.3
61;3;2.3
62;3;2.2
63;3;2.3
64;4;2.4
65;4;2.25
66;3;2.2
67;3;2.2
68;4;2.3
69;3;2.2
70;3;2.15
71;3;2.25
72;3;2.25
73;3;2.35
74;3;2.15
75;3;2.2
76;4;2.4
77;3;2.2
78;3;2.2
79;4;2.5
80;3;2.35
81;3;2.3
82;3;2.3
83;3;2.25
84;4;2.45
85;3;2.5
86;4;2.8
87;3;2.5
88;3;2.5
89;3;2.9
90;4;2.75
91;4;2.9
92;4;3.2
93;4;2.75
94;4;2.8
95;3;2.85
96;3;3.15
97;3;2.9
98;3;2.75
99;3;2.7
100;4;2.7
101;3;2.8
102;4;3.0
103;3;3.15
104;4;3.25
105;3;2.8
Meranie: 9
0;2;1.8
1;2;1.85
2;2;2.0
3;3;2.15
4;2;2.1
5;2;2.1
6;2;1.9
7;2;2.1
8;3;2.15
9;3;2.15
10;2;2.1
11;2;2.1
12;2;2.1
13;2;2.1
14;2;2.1
15;2;2.1
16;3;2.15
17;3;2.15
18;3;2.15
19;2;2.1
20;2;2.1
21;2;2.1
22;2;2.1
23;2;2.1
24;2;2.1
25;3;2.2
26;3;2.25
27;2;2.1
28;2;2.1
29;2;2.1
30;2;2.1
31;2;2.1
32;3;2.15
33;2;2.1
34;3;2.2
35;3;2.15
36;2;2.1
37;2;2.1
38;2;2.1
39;3;2.15
40;3;2.2
41;3;2.15
42;3;2.15
43;2;2.1
44;2;2.1
45;2;2.1
46;2;2.1
47;3;2.2
48;2;2.1
49;2;2.1
50;2;2.1
51;2;2.1
52;2;2.1
53;2;2.1
54;3;2.15
55;3;2.2
56;2;2.1
57;2;2.1
58;2;2.1
59;2;2.1
60;3;2.15
61;2;2.1
62;2;2.1
63;2;2.1
64;2;2.1
65;2;2.1
66;2;2.1
67;2;2.1
68;3;2.15
69;2;2.1
70;2;2.1
71;3;2.15
72;3;2.15
73;2;2.1
74;2;2.1
75;2;2.1
76;2;2.1
77;3;2.15
78;2;2.1
79;2;2.1
80;2;2.1
81;2;2.1
82;2;2.1
83;2;2.1
84;2;2.1
85;2;2.1
86;2;2.1
87;2;2.1
88;2;2.1
89;3;2.15
90;3;2.15
91;3;2.2
92;2;2.1
93;2;2.1
94;2;2.1
95;2;2.1
96;2;2.1
97;2;2.1
98;2;2.1
99;2;2.1
100;2;2.1
101;2;2.1
102;2;2.1
103;2;2.1
104;2;2.1
105;2;2.1
106;2;2.1
107;3;2.15
108;2;2.1
109;2;2.1
110;2;2.1
111;2;2.1
112;2;2.1
113;2;2.1
114;2;2.1
115;2;2.1
116;2;2.1
117;2;2.1
118;2;2.1
119;2;2.1
120;2;2.1
121;2;2.1
122;2;2.1
123;2;2.1
124;2;2.1
125;2;2.1
126;2;2.1
127;2;2.1
128;2;2.1
129;2;2.1
130;2;2.1
131;2;2.1
132;2;2.1
133;3;2.15
134;3;2.15
135;2;2.1
136;2;2.1
137;2;2.1
138;2;2.1
139;2;2.1
140;3;2.15
141;2;2.1
142;2;2.1
143;2;2.1
144;2;2.1
145;2;2.1
146;2;2.1
147;2;2.1
148;2;2.1
149;2;2.1
150;2;2.1
151;2;2.1
152;2;2.1
153;2;2.1
154;2;2.1
155;2;2.1
156;2;2.1
157;2;2.1
158;2;2.1
159;2;2.1
160;2;2.1
161;2;2.1
162;2;2.1
163;2;2.1
164;2;2.1
165;2;2.1
166;2;2.1
167;2;2.1
168;2;2.1
169;2;2.1
170;2;2.1
171;2;2.1
172;2;2.1
173;3;2.15
174;2;2.1
175;2;2.1
176;2;2.1
177;2;2.1
178;2;2.1
179;2;2.1
180;2;2.1
181;2;2.1
182;2;2.1
183;2;2.1
184;2;2.1
185;2;2.1
186;2;2.1
187;2;2.1
188;2;2.1
189;2;2.1
190;2;2.1
191;2;2.1
192;2;2.1
193;2;2.1
194;2;2.1
195;2;2.1
196;2;2.1
197;2;2.1
198;2;2.1
199;2;2.1
200;2;2.1
201;2;2.1
202;2;2.1
203;2;2.1
204;2;2.1
205;2;2.1
206;2;2.1
207;2;2.1
208;2;2.1
209;2;2.1
210;2;2.1
211;2;2.1
212;2;2.1
213;2;2.1
214;2;2.1
215;2;2.1
216;2;2.1
217;2;2.1
218;2;2.1
219;2;2.1
220;2;2.1
221;2;2.1
222;2;2.1
223;2;2.1
224;2;2.1
225;2;2.1
226;2;2.1
227;4;2.2
228;3;2.15
229;2;2.1
230;2;2.1
231;2;2.1
232;2;2.1
233;2;2.1
234;2;2.1
235;2;2.1
236;2;2.1
237;2;2.1
238;2;2.1
239;2;2.1
240;2;2.1
241;2;2.1
242;3;2.15
243;2;2.1
244;2;2.1
245;2;2.1
246;2;2.1
247;2;2.1
248;2;2.1
249;2;2.1
250;2;2.1
251;2;2.1
252;2;2.1
253;2;2.1
254;2;2.1
255;2;2.1
256;2;2.1
257;2;2.1
258;2;2.1
259;2;2.1
260;2;2.1
261;2;2.1
262;2;2.1
263;2;2.1
264;2;2.1
265;2;2.1
266;2;2.1
267;3;2.15
268;3;2.15
269;2;2.1
270;2;2.1
271;2;2.1
272;2;2.1
273;2;2.1
274;2;2.1
275;2;2.1
276;2;2.1
277;2;2.1
278;2;2.1
279;2;2.1
280;2;2.1
281;2;2.1
282;2;2.1
283;2;2.1
284;2;2.1
285;2;2.1
286;2;2.1
287;2;2.1
288;2;2.1
289;2;2.1
290;2;2.1
291;2;2.1
292;2;2.1
293;2;2.1
294;2;2.1
295;2;2.1
296;2;2.1
297;2;2.1
298;2;2.1
299;2;2.1
300;2;2.1
301;2;2.1
302;2;2.1
303;2;2.1
304;2;2.1
305;2;2.1
306;2;2.1
307;2;2.1
308;2;2.1
309;3;2.15
310;2;2.1
311;2;2.1
312;2;2.1
313;2;2.1
314;2;2.1
315;2;2.1
316;2;2.1
317;2;2.1
318;2;2.1
319;2;2.1
320;2;2.1
321;2;2.1
322;2;2.1
323;2;2.1
324;2;2.1
325;2;2.1
326;2;2.1
327;2;2.1
328;2;2.1
329;2;2.1
330;2;2.1
331;2;2.1
332;2;2.1
333;2;2.1
334;2;2.1
335;2;2.1
336;2;2.1
337;2;2.1
338;2;2.1
339;2;2.1
340;2;2.1
341;2;2.1
342;2;2.1
343;2;2.1
344;2;2.1
345;2;2.1
346;2;2.1
347;2;2.1
348;2;2.1
349;2;2.1
350;2;2.1
351;2;2.1
352;2;2.1
353;2;2.1
354;2;2.1
355;2;2.1
356;2;2.1
357;2;2.1
358;2;2.1
359;2;2.1
360;2;2.1
361;3;2.15
362;2;2.1
363;2;2.1
364;2;2.1
365;2;2.1
366;2;2.1
367;2;2.1
368;2;2.1
369;3;2.15
370;2;2.1
371;2;2.1
372;2;2.1
373;2;2.1
374;2;2.1
375;2;2.1
376;3;2.15
377;2;2.1
378;2;2.1
379;2;2.1
380;3;2.15
381;2;2.1
382;2;2.1
383;2;2.1
384;2;2.1
385;2;2.1
386;2;2.1
387;2;2.1
388;2;2.1
389;2;2.1
390;2;2.1
391;3;2.15
392;2;2.1
393;2;2.1
394;2;2.1
395;2;2.1
396;2;2.1
397;2;2.1
398;2;2.1
399;2;2.1
400;2;2.1
401;2;2.1
402;2;2.1
403;2;2.1
404;2;2.1
405;4;2.2
406;2;2.1
407;2;2.1
408;2;2.1
409;3;2.15
410;2;2.1
411;2;2.1
412;2;2.1
413;2;2.1
414;3;2.15
415;2;2.1
416;2;2.1
417;2;2.1
418;2;2.1
419;2;2.1
420;3;2.15
421;2;2.1
422;2;2.1
423;3;2.15
424;2;2.1
425;3;2.15
426;2;2.1
427;2;2.1
428;3;2.15
429;2;2.1
430;2;2.1
431;2;2.1
432;2;2.1
433;2;2.1
434;2;2.1
435;2;2.1
436;3;2.15
437;2;2.1
438;2;2.1
439;2;2.1
440;2;2.1
441;2;2.1
442;2;2.1
443;2;2.1
444;2;2.1
445;2;2.1
446;2;2.1
447;2;2.1
448;2;2.1
449;2;2.1
450;2;2.1
451;2;2.1
452;3;2.2
453;2;2.1
454;2;2.1
455;2;2.1
456;2;2.1
457;2;2.1
458;2;2.1
459;2;2.1
460;3;2.15
461;2;2.1
462;2;2.1
463;2;2.1
464;2;2.1
465;2;2.1
466;2;2.1
467;2;2.1
468;3;2.15
469;3;2.15
470;2;2.1
471;2;2.1
472;2;2.1
473;2;2.1
474;2;2.1
475;2;2.1
476;2;2.1
477;2;2.1
478;2;2.1
479;2;2.1
480;2;2.1
481;2;2.1
482;2;2.1
483;2;2.1
484;2;2.1
485;2;2.1
486;2;2.1
487;2;2.1
488;2;2.1
489;2;2.1
490;2;2.1
491;2;2.1
492;2;2.1
493;2;2.1
494;2;2.1
495;2;2.1
496;2;2.1
497;2;2.1
498;2;2.1
499;2;2.1
500;2;2.1
501;2;2.1
502;2;2.1
503;2;2.1
504;2;2.1
505;2;2.1
506;2;2.1
507;2;2.1
508;2;2.1
509;2;2.1
510;2;2.1
511;2;2.1
512;2;2.1
513;2;2.1
514;2;2.1
515;2;2.1
516;2;2.1
517;2;2.1
518;2;2.1
519;2;2.1
520;3;2.15
521;2;2.1
522;2;2.1
523;2;2.1
524;2;2.1
525;2;2.1
526;2;2.1
527;2;2.1
528;2;2.1
529;2;2.1
530;2;2.1
531;2;2.1
532;2;2.1
533;2;2.1
534;2;2.1
535;2;2.1
536;2;2.1
537;2;2.1
538;2;2.1
539;2;2.1
540;2;2.1
541;2;2.1
542;2;2.1
543;2;2.1
544;2;2.1
545;2;2.1
546;2;2.1
547;2;2.1
548;2;2.1
549;2;2.1
550;2;2.1
551;2;2.1
552;2;2.1
553;2;2.1
554;2;2.1
555;2;2.1
556;2;2.1
557;3;2.15
558;2;2.1
559;2;2.1
560;2;2.1
561;2;2.1
562;2;2.1
563;2;2.1
564;2;2.1
565;3;2.15
566;2;2.1
567;3;2.15
568;2;2.1
569;2;2.1
570;2;2.1
571;2;2.1
572;3;2.15
573;2;2.1
574;2;2.1
575;2;2.1
576;2;2.1
577;2;2.1
578;2;2.1
579;2;2.1
580;2;2.1
581;2;2.1
582;2;2.1
583;2;2.1
584;2;2.1
585;2;2.1
586;2;2.1
587;2;2.1
588;2;2.1
589;2;2.1
590;2;2.1
591;3;2.15
592;2;2.1
593;2;2.1
594;2;2.1
595;2;2.1
596;2;2.1
597;2;2.1
598;2;2.1
599;2;2.1
600;2;2.1
601;2;2.1
602;2;2.1
603;2;2.1
604;2;2.1
605;2;2.1
606;3;2.15
607;2;2.1
608;3;2.15
609;2;2.1
610;2;2.1
611;2;2.1
612;2;2.1
613;2;2.1
614;2;2.1
615;2;2.1
616;2;2.1
617;2;2.1
618;3;2.15
619;2;2.1
620;2;2.1
621;2;2.1
622;2;2.1
623;2;2.1
624;2;2.1
625;2;2.1
626;2;2.1
627;2;2.1
628;2;2.1
629;2;2.1
630;2;2.1
631;2;2.1
632;2;2.1
633;2;2.1
634;3;2.15
635;3;2.2
636;3;2.2
637;3;2.2
638;2;2.1
639;3;2.15
640;3;2.15
641;3;2.15
642;2;2.1
643;2;2.1
644;2;2.1
645;2;2.1
646;2;2.1
647;2;2.1
648;2;2.1
649;2;2.1
650;2;2.1
651;2;2.1
652;2;2.1
653;2;2.1
654;2;2.1
655;2;2.1
656;2;2.1
657;2;2.1
658;2;2.1
659;2;2.1
660;3;2.15
661;2;2.1
662;2;2.1
663;2;2.1
664;2;2.1
665;2;2.1
666;2;2.1
667;2;2.1
668;2;2.1
669;2;2.1
670;2;2.1
671;2;2.1
672;2;2.1
673;2;2.1
674;4;2.25
675;2;2.1
676;2;2.1
677;2;2.1
678;2;2.1
679;2;2.1
680;2;2.1
681;2;2.1
682;4;2.2
683;2;2.1
684;2;2.1
685;2;2.1
686;2;2.1
687;2;2.1
688;2;2.1
689;2;2.1
690;2;2.1
691;2;2.1
692;2;2.1
693;2;2.1
694;2;2.1
695;2;2.1
696;2;2.1
697;2;2.1
698;2;2.1
699;2;2.1
700;2;2.1
701;2;2.1
702;3;2.15
703;2;2.1
704;2;2.1
705;2;2.1
706;2;2.1
707;2;2.1
708;2;2.1
709;2;2.1
710;2;2.1
711;2;2.1
712;2;2.1
713;2;2.1
714;2;2.1
715;3;2.15
Meranie: 10
0;2;1.65
1;2;1.5
2;2;1.55
3;2;1.65
4;2;1.75
5;3;1.95
6;3;2.05
7;2;1.9
8;3;2.05
9;3;2.15
10;3;2.1
11;3;2.15
12;2;2.1
13;4;2.3
14;2;2.1
15;2;2.1
16;3;2.25
17;3;2.2
18;3;2.3
19;3;2.15
20;4;2.25
21;3;2.25
22;3;2.25
23;3;2.25
24;2;2.1
25;3;2.25
26;3;2.2
27;3;2.25
28;3;2.3
29;3;2.25
30;3;2.4
31;3;2.35
32;3;2.35
33;3;2.25
34;3;2.25
35;3;2.25
36;4;2.45
37;3;2.4
Meranie: 11
0;2;1.4
1;2;1.55
2;2;2.05
3;2;1.6
4;3;1.8
5;2;2.1
6;2;2.1
7;3;2.15
8;2;2.1
9;3;2.15
10;3;2.15
11;2;2.1
12;3;2.15
13;3;2.2
14;3;2.2
15;3;2.15
16;3;2.15
17;3;2.15
18;3;2.15
19;3;2.2
20;3;2.15
21;3;2.15
22;3;2.2
23;3;2.15
24;3;2.15
25;3;2.15
26;2;2.1
27;3;2.15
28;4;2.3
29;3;2.25
30;2;2.1
31;3;2.25
32;3;2.2
33;3;2.2
34;3;2.25
35;3;2.15
36;3;2.15
37;3;2.2
38;3;2.35
39;2;2.1
40;3;2.4
41;2;2.1
42;3;2.15
43;2;2.1
44;2;2.1
45;3;2.15
46;3;2.3
47;3;2.15
48;2;2.1
49;2;2.1
50;2;2.1
51;4;2.2
52;2;2.1
53;3;2.25
54;2;2.1
55;3;2.2
56;3;2.15
57;2;2.1
58;2;2.1
59;2;2.1
60;2;2.1
61;2;2.1
62;2;2.1
63;3;2.15
64;2;2.1
65;3;2.15
66;3;2.2
67;2;2.1
68;3;2.2
69;2;2.1
70;2;2.1
71;2;2.1
72;2;2.1
73;2;2.1
74;2;2.1
75;2;2.1
76;2;2.1
77;2;2.1
78;2;2.1
79;2;2.1
80;2;2.1
81;2;2.1
82;2;2.1
83;2;2.1
84;3;2.15
85;3;2.15
86;2;2.1
87;2;2.1
88;2;2.1
89;2;2.1
90;2;2.1
91;3;2.15
92;2;2.1
93;2;2.1
94;2;2.1
95;2;2.1
96;2;2.1
97;2;2.1
98;2;2.1
99;2;2.1
100;2;2.1
101;2;2.1
102;2;2.1
103;2;2.1
104;2;2.1
105;2;2.1
106;2;2.1
107;2;2.1
108;2;2.1
109;2;2.1
110;2;2.1
111;3;2.15
112;3;2.15
113;2;2.1
114;2;2.1
115;2;2.1
116;2;2.1
117;2;2.1
118;2;2.1
119;2;2.1
120;2;2.1
121;2;2.1
122;2;2.1
123;2;2.1
124;2;2.1
125;2;2.1
126;2;2.1
127;2;2.1
128;2;2.1
129;2;2.1
130;2;2.1
131;2;2.1
132;2;2.1
133;2;2.1
134;2;2.1
135;2;2.1
136;3;2.15
137;2;2.1
138;2;2.1
139;2;2.1
140;2;2.1
141;2;2.1
142;2;2.1
143;2;2.1
144;2;2.1
145;2;2.1
146;2;2.1
147;2;2.1
148;2;2.1
149;2;2.1
150;2;2.1
151;2;2.1
152;2;2.1
153;2;2.1
154;2;2.1
155;2;2.1
156;2;2.1
157;2;2.1
158;2;2.1
159;2;2.1
160;2;2.1
161;2;2.1
162;2;2.1
163;2;2.1
164;3;2.15
165;3;2.15
166;2;2.1
167;2;2.1
168;2;2.1
169;2;2.1
170;3;2.15
171;2;2.1
172;3;2.15
173;2;2.1
174;2;2.1
175;3;2.15
176;2;2.1
177;2;2.1
178;2;2.1
179;2;2.1
180;2;2.1
181;2;2.1
182;2;2.1
183;2;2.1
184;2;2.1
185;2;2.1
186;2;2.1
187;2;2.1
188;2;2.1
189;2;2.1
190;2;2.1
191;2;2.1
192;2;2.1
193;2;2.1
194;2;2.1
195;2;2.1
196;2;2.1
197;2;2.1
198;2;2.1
199;2;2.1
200;2;2.1
201;2;2.1
202;2;2.1
203;2;2.1
204;2;2.1
205;2;2.1
206;2;2.1
207;2;2.1
208;3;2.15
209;2;2.1
210;2;2.1
211;2;2.1
212;3;2.15
213;2;2.1
214;2;2.1
215;3;2.15
216;2;2.1
217;2;2.1
218;2;2.1
219;2;2.1
220;2;2.1
221;2;2.1
222;2;2.1
223;2;2.1
224;2;2.1
225;2;2.1
226;2;2.1
227;2;2.1
228;3;2.15
229;2;2.1
230;4;2.2
231;2;2.1
232;2;2.1
233;2;2.1
234;2;2.1
235;2;2.1
236;2;2.1
237;2;2.1
238;2;2.1
239;2;2.1
240;3;2.15
241;2;2.1
242;2;2.1
243;3;2.15
244;3;2.2
245;2;2.1
246;2;2.1
247;2;2.1
248;2;2.1
249;2;2.1
250;3;2.15
251;2;2.1
252;2;2.1
253;3;2.15
254;2;2.1
255;3;2.15
256;2;2.1
257;2;2.1
258;2;2.1
259;2;2.1
260;2;2.1
261;2;2.1
262;3;2.2
263;2;2.1
264;4;2.2
265;2;2.1
266;2;2.1
267;2;2.1
268;2;2.1
269;2;2.1
270;2;2.1
271;2;2.1
272;2;2.1
273;2;2.1
274;2;2.1
275;2;2.1
276;2;2.1
277;2;2.1
278;2;2.1
279;2;2.1
280;4;2.2
281;3;2.15
282;2;2.1
283;2;2.1
284;2;2.1
285;2;2.1
286;2;2.1
287;2;2.1
288;2;2.1
289;3;2.15
290;2;2.1
291;2;2.1
292;2;2.1
293;2;2.1
294;2;2.1
295;3;2.15
296;3;2.15
297;2;2.1
298;2;2.1
299;2;2.1
300;2;2.1
301;2;2.1
302;2;2.1
303;2;2.1
304;2;2.1
305;2;2.1
306;2;2.1
307;2;2.1
308;2;2.1
309;2;2.1
310;2;2.1
311;4;2.25
312;2;2.1
313;3;2.15
314;2;2.1
315;2;2.1
316;2;2.1
317;2;2.1
318;2;2.1
319;2;2.1
320;2;2.1
321;3;2.15
322;2;2.1
323;2;2.1
324;2;2.1
325;2;2.1
326;2;2.1
327;3;2.15
328;2;2.1
329;2;2.1
330;3;2.15
331;2;2.1
332;3;2.15
333;3;2.15
334;2;2.1
335;2;2.1
336;4;2.2
337;2;2.1
338;2;2.1
339;2;2.1
340;2;2.1
341;2;2.1
342;2;2.1
343;3;2.2
344;3;2.15
345;3;2.15
346;2;2.1
347;2;2.1
348;2;2.1
349;3;2.15
350;2;2.1
351;3;2.15
352;2;2.1
353;3;2.15
354;2;2.1
355;2;2.1
356;2;2.1
357;2;2.1
358;2;2.1
359;2;2.1
360;2;2.1
361;2;2.1
362;2;2.1
363;2;2.1
364;2;2.1
365;2;2.1
366;2;2.1
367;2;2.1
368;2;2.1
369;2;2.1
370;3;2.15
371;2;2.1
372;2;2.1
373;2;2.1
374;2;2.1
375;2;2.1
376;2;2.1
377;2;2.1
378;2;2.1
379;2;2.1
380;2;2.1
381;2;2.1
382;2;2.1
383;2;2.1
384;3;2.15
385;3;2.15
386;2;2.1
387;2;2.1
388;2;2.1
389;2;2.1
390;2;2.1
391;3;2.15
392;2;2.1
393;2;2.1
394;2;2.1
395;2;2.1
396;2;2.1
397;2;2.1
398;2;2.1
399;2;2.1
400;2;2.1
401;2;2.1
402;2;2.1
403;2;2.1
404;2;2.1
405;2;2.1
406;2;2.1
407;2;2.1
408;2;2.1
409;2;2.1
410;2;2.1
411;3;2.15
412;2;2.1
413;2;2.1
414;3;2.15
415;2;2.1
416;2;2.1
417;2;2.1
418;2;2.1
419;2;2.1
420;2;2.1
421;2;2.1
422;2;2.1
423;2;2.1
424;2;2.1
425;2;2.1
426;2;2.1
427;2;2.1
428;2;2.1
429;2;2.1
430;2;2.1
431;2;2.1
432;2;2.1
433;2;2.1
434;2;2.1
435;2;2.1
436;2;2.1
437;2;2.1
438;2;2.1
439;2;2.1
440;2;2.1
441;2;2.1
442;2;2.1
443;2;2.1
444;3;2.2
445;3;2.15
446;3;2.2
447;3;2.15
448;2;2.1
449;2;2.1
450;2;2.1
451;2;2.1
452;2;2.1
453;3;2.15
454;2;2.1
455;3;2.15
456;2;2.1
457;3;2.15
458;2;2.1
459;2;2.1
460;2;2.1
461;2;2.1
462;2;2.1
463;2;2.1
464;2;2.1
465;2;2.1
466;2;2.1
467;2;2.1
468;2;2.1
469;2;2.1
470;2;2.1
471;2;2.1
472;4;2.2
473;2;2.1
474;2;2.1
475;3;2.15
476;2;2.1
477;2;2.1
478;2;2.1
479;2;2.1
480;2;2.1
481;2;2.1
482;3;2.15
483;2;2.1
484;2;2.1
485;2;2.1
486;2;2.1
487;2;2.1
488;2;2.1
489;2;2.1
490;2;2.1
491;2;2.1
492;2;2.1
493;2;2.1
494;2;2.1
495;2;2.1
496;3;2.15
497;2;2.1
498;2;2.1
499;2;2.1
500;2;2.1
501;2;2.1
502;2;2.1
503;2;2.1
504;3;2.15
505;2;2.1
506;2;2.1
507;2;2.1
508;2;2.1
509;2;2.1
510;3;2.15
511;2;2.1
Meranie: 12
0;3;1.6
1;2;1.45
2;2;1.55
3;2;1.6
4;2;1.95
5;2;2.1
6;2;1.75
7;2;1.9
8;2;2.1
9;3;2.15
10;3;2.15
11;3;2.2
12;2;2.1
13;3;2.15
14;3;2.15
15;2;2.1
16;2;2.1
17;2;2.1
18;2;2.1
19;2;2.1
20;2;2.1
21;2;2.1
22;2;2.1
23;2;2.1
24;2;2.1
25;3;2.15
26;3;2.15
27;3;2.2
28;3;2.15
29;2;2.1
30;3;2.2
31;3;2.15
32;2;2.1
33;3;2.25
34;3;2.15
35;3;2.2
36;3;2.2
37;3;2.15
38;3;2.15
39;3;2.15
40;3;2.3
41;3;2.2
42;3;2.2
43;3;2.15
44;3;2.15
45;3;2.15
46;2;2.1
47;2;2.1
48;3;2.15
49;2;2.1
50;3;2.15
51;3;2.15
52;2;2.1
53;3;2.15
54;2;2.1
55;2;2.1
56;2;2.1
57;2;2.1
58;2;2.1
59;2;2.1
60;2;2.1
61;2;2.1
62;2;2.1
63;2;2.1
64;2;2.1
65;3;2.2
66;2;2.1
67;2;2.1
68;2;2.1
69;2;2.1
70;2;2.1
71;2;2.1
72;2;2.1
73;2;2.1
74;2;2.1
75;2;2.1
76;2;2.1
77;2;2.1
78;2;2.1
79;2;2.1
80;3;2.15
81;2;2.1
82;2;2.1
83;2;2.1
84;2;2.1
85;3;2.15
86;2;2.1
87;2;2.1
88;2;2.1
89;2;2.1
90;2;2.1
91;2;2.1
92;2;2.1
93;2;2.1
94;2;2.1
95;2;2.1
96;2;2.1
97;3;2.15
98;2;2.1
99;2;2.1
100;2;2.1
101;2;2.1
102;2;2.1
103;2;2.1
104;2;2.1
105;2;2.1
106;2;2.1
107;2;2.1
108;2;2.1
109;2;2.1
110;2;2.1
111;2;2.1
112;2;2.1
113;2;2.1
114;2;2.1
115;2;2.1
116;2;2.1
117;2;2.1
118;2;2.1
119;2;2.1
120;2;2.1
121;2;2.1
122;2;2.1
123;2;2.1
124;2;2.1
125;2;2.1
126;2;2.1
127;2;2.1
128;3;2.15
129;2;2.1
130;3;2.2
131;2;2.1
132;2;2.1
133;2;2.1
134;2;2.1
135;2;2.1
136;2;2.1
137;2;2.1
138;2;2.1
139;2;2.1
140;2;2.1
141;2;2.1
142;2;2.1
143;2;2.1
144;2;2.1
145;2;2.1
146;2;2.1
147;2;2.1
148;2;2.1
149;2;2.1
150;2;2.1
151;2;2.1
152;2;2.1
153;2;2.1
154;2;2.1
155;2;2.1
156;2;2.1
157;3;2.15
158;2;2.1
159;2;2.1
160;2;2.1
161;2;2.1
162;2;2.1
163;2;2.1
164;2;2.1
165;2;2.1
166;2;2.1
167;2;2.1
168;2;2.1
169;2;2.1
170;2;2.1
171;2;2.1
172;3;2.15
173;2;2.1
174;2;2.1
175;2;2.1
176;2;2.1
177;2;2.1
178;2;2.1
179;2;2.1
180;2;2.1
181;2;2.1
182;2;2.1
183;2;2.1
184;2;2.1
185;2;2.1
186;2;2.1
187;2;2.1
188;2;2.1
189;2;2.1
190;2;2.1
191;3;2.15
192;2;2.1
193;2;2.1
194;2;2.1
195;2;2.1
196;2;2.1
197;2;2.1
198;2;2.1
199;2;2.1
200;2;2.1
201;2;2.1
202;2;2.1
203;2;2.1
204;3;2.15
205;2;2.1
206;2;2.1
207;2;2.1
208;2;2.1
209;2;2.1
210;2;2.1
211;2;2.1
212;2;2.1
213;2;2.1
214;2;2.1
215;2;2.1
216;2;2.1
217;2;2.1
218;2;2.1
219;2;2.1
220;2;2.1
221;2;2.1
222;2;2.1
223;3;2.2
224;2;2.1
225;2;2.1
226;2;2.1
227;2;2.1
228;2;2.1
229;2;2.1
230;2;2.1
231;2;2.1
232;2;2.1
233;2;2.1
234;2;2.1
235;3;2.15
236;2;2.1
237;2;2.1
238;3;2.15
239;3;2.15
240;2;2.1
241;2;2.1
242;2;2.1
243;2;2.1
244;2;2.1
245;2;2.1
246;2;2.1
247;2;2.1
248;2;2.1
249;2;2.1
250;2;2.1
251;2;2.1
252;2;2.1
253;2;2.1
254;2;2.1
255;2;2.1
256;2;2.1
257;2;2.1
258;2;2.1
259;2;2.1
260;2;2.1
261;2;2.1
262;2;2.1
263;2;2.1
264;2;2.1
265;2;2.1
266;2;2.1
267;2;2.1
268;2;2.1
269;2;2.1
270;2;2.1
271;2;2.1
272;2;2.1
273;2;2.1
274;2;2.1
275;2;2.1
276;2;2.1
277;2;2.1
278;4;2.2
279;2;2.1
280;2;2.1
281;2;2.1
282;2;2.1
283;2;2.1
284;3;2.15
285;2;2.1
286;2;2.1
287;2;2.1
288;2;2.1
289;2;2.1
290;2;2.1
291;2;2.1
292;2;2.1
293;2;2.1
294;2;2.1
295;2;2.1
296;2;2.1
297;2;2.1
298;2;2.1
299;2;2.1
300;2;2.1
301;3;2.15
302;3;2.15
303;2;2.1
304;2;2.1
305;2;2.1
306;2;2.1
307;2;2.1
308;2;2.1
309;3;2.15
310;3;2.15
311;2;2.1
312;2;2.1
313;2;2.1
314;3;2.15
315;2;2.1
316;2;2.1
317;2;2.1
318;3;2.15
319;2;2.1
320;2;2.1
321;2;2.1
322;2;2.1
323;2;2.1
324;2;2.1
325;3;2.15
326;2;2.1
327;2;2.1
328;2;2.1
329;2;2.1
330;2;2.1
331;2;2.1
332;2;2.1
333;2;2.1
334;2;2.1
335;2;2.1
336;2;2.1
337;2;2.1
338;2;2.1
339;2;2.1
340;2;2.1
341;2;2.1
342;2;2.1
343;2;2.1
344;2;2.1
345;3;2.15
346;2;2.1
347;2;2.1
348;2;2.1
349;2;2.1
350;2;2.1
351;2;2.1
352;2;2.1
353;2;2.1
354;3;2.15
355;2;2.1
356;2;2.1
357;2;2.1
358;2;2.1
359;2;2.1
360;2;2.1
361;2;2.1
362;2;2.1
363;2;2.1
364;2;2.1
365;2;2.1
366;2;2.1
367;2;2.1
368;2;2.1
369;2;2.1
370;2;2.1
371;2;2.1
372;2;2.1
373;2;2.1
374;2;2.1
375;2;2.1
376;2;2.1
377;2;2.1
378;2;2.1
379;2;2.1
380;2;2.1
381;2;2.1
382;2;2.1
383;2;2.1
384;2;2.1
385;2;2.1
386;2;2.1
387;2;2.1
388;2;2.1
389;2;2.1
390;3;2.15
391;2;2.1
392;2;2.1
393;4;2.2
394;2;2.1
395;2;2.1
396;2;2.1
397;2;2.1
398;2;2.1
399;2;2.1
400;3;2.15
401;3;2.15
402;3;2.15
403;2;2.1
404;2;2.1
405;2;2.1
406;2;2.1
407;2;2.1
408;2;2.1
409;2;2.1
410;2;2.1
411;2;2.1
412;2;2.1
413;2;2.1
414;2;2.1
415;2;2.1
416;2;2.1
417;2;2.1
418;2;2.1
419;2;2.1
420;2;2.1
421;2;2.1
422;2;2.1
423;2;2.1
424;2;2.1
425;2;2.1
426;2;2.1
427;2;2.1
428;2;2.1
429;2;2.1
430;2;2.1
431;2;2.1
432;2;2.1
433;2;2.1
434;2;2.1
435;2;2.1
436;2;2.1
437;2;2.1
438;2;2.1
439;2;2.1
440;2;2.1
441;2;2.1
442;2;2.1
443;2;2.1
444;2;2.1
445;2;2.1
446;2;2.1
447;3;2.15
448;2;2.1
449;2;2.1
450;2;2.1
451;2;2.1
452;2;2.1
453;2;2.1
454;2;2.1
455;2;2.1
456;2;2.1
457;2;2.1
458;2;2.1
459;2;2.1
460;2;2.1
461;2;2.1
462;2;2.1
463;2;2.1
464;2;2.1
465;2;2.1
466;2;2.1
467;2;2.1
468;2;2.1
469;2;2.1
470;3;2.15
471;3;2.15
472;2;2.1
473;2;2.1
474;2;2.1
475;2;2.1
476;2;2.1
477;3;2.15
478;2;2.1
479;2;2.1
480;2;2.1
481;2;2.1
482;2;2.1
483;2;2.1
484;2;2.1
485;4;2.2
486;2;2.1
487;3;2.2
488;2;2.1
489;2;2.1
490;2;2.1
491;2;2.1
492;2;2.1
493;2;2.1
494;2;2.1
495;2;2.1
496;3;2.15
497;2;2.1
498;2;2.1
499;2;2.1
500;2;2.1
501;2;2.1
502;3;2.15
503;2;2.1
504;2;2.1
505;2;2.1
506;2;2.1
507;2;2.1
508;2;2.1
509;2;2.1
510;2;2.1
511;2;2.1
512;2;2.1
513;2;2.1
514;2;2.1
515;3;2.15
516;2;2.1
517;2;2.1
518;2;2.1
519;3;2.15
520;3;2.15
521;2;2.1
522;2;2.1
523;2;2.1
524;2;2.1
525;2;2.1
526;2;2.1
527;2;2.1
528;2;2.1
529;2;2.1
530;2;2.1
531;2;2.1
532;2;2.1
533;3;2.15
534;2;2.1
535;3;2.15
536;3;2.15
537;2;2.1
538;2;2.1
539;2;2.1
540;3;2.15
541;2;2.1
542;2;2.1
543;2;2.1
544;2;2.1
545;2;2.1
546;2;2.1
547;2;2.1
548;2;2.1
549;2;2.1
550;2;2.1
551;2;2.1
552;4;2.2
553;2;2.1
554;2;2.1
555;2;2.1
556;3;2.15
557;2;2.1
558;3;2.15
559;2;2.1
560;2;2.1
561;2;2.1
562;2;2.1
563;3;2.15
564;2;2.1
565;2;2.1
566;2;2.1
567;2;2.1
568;2;2.1
569;2;2.1
570;2;2.1
571;2;2.1
572;2;2.1
573;2;2.1
574;2;2.1
575;2;2.1
576;2;2.1
577;2;2.1
578;2;2.1
579;3;2.15
580;2;2.1
581;3;2.15
582;3;2.15
583;3;2.15
584;2;2.1
585;3;2.15
586;2;2.1
587;2;2.1
588;2;2.1
589;3;2.15
590;2;2.1
591;3;2.15
592;2;2.1
593;2;2.1
594;2;2.1
595;3;2.15
596;2;2.1
597;2;2.1
598;2;2.1
599;2;2.1
600;3;2.2
601;2;2.1
602;2;2.1
603;2;2.1
604;2;2.1
605;2;2.1
606;2;2.1
607;2;2.1
608;2;2.1
609;2;2.1
610;2;2.1
611;2;2.1
612;2;2.1
613;2;2.1
614;2;2.1
615;2;2.1
616;2;2.1
617;2;2.1
618;2;2.1
619;2;2.1
620;2;2.1
621;2;2.1
622;2;2.1
623;2;2.1
624;2;2.1
625;2;2.1
626;2;2.1
627;2;2.1
628;2;2.1
629;2;2.1
630;2;2.1
631;2;2.1
632;3;2.15
633;2;2.1
634;2;2.1
635;2;2.1
636;2;2.1
637;2;2.1
638;2;2.1
639;2;2.1
640;2;2.1
641;2;2.1
642;2;2.1
643;2;2.1
644;2;2.1
645;2;2.1
646;2;2.1
647;2;2.1
648;2;2.1
649;2;2.1
650;2;2.1
651;2;2.1
652;2;2.1
653;3;2.15
654;3;2.15
655;2;2.1
656;2;2.1
657;2;2.1
658;2;2.1
659;2;2.1
660;2;2.1
661;2;2.1
662;2;2.1
663;2;2.1
664;2;2.1
665;2;2.1
666;2;2.1
667;2;2.1
668;2;2.1
669;2;2.1
670;2;2.1
671;2;2.1
672;2;2.1
673;2;2.1
674;2;2.1
675;2;2.1
676;2;2.1
677;2;2.1
678;2;2.1
679;3;2.15
680;2;2.1
681;2;2.1
682;2;2.1
683;2;2.1
684;2;2.1
685;2;2.1
686;2;2.1
687;2;2.1
688;2;2.1
689;2;2.1
690;2;2.1
691;2;2.1
692;3;2.15
693;3;2.15
694;2;2.1
695;2;2.1
696;3;2.15
697;2;2.1
698;3;2.15
699;2;2.1
700;2;2.1
701;2;2.1
702;2;2.1
703;2;2.1
704;2;2.1
705;2;2.1
706;2;2.1
707;2;2.1
708;2;2.1
709;2;2.1
710;2;2.1
711;2;2.1
712;2;2.1
713;2;2.1
714;2;2.1
715;2;2.1
716;2;2.1
717;3;2.15
718;2;2.1
719;3;2.15
720;2;2.1
721;3;2.15
722;2;2.1
723;2;2.1
724;3;2.15
725;2;2.1
726;2;2.1
727;2;2.1
728;2;2.1
729;2;2.1
730;2;2.1
731;2;2.1
732;3;2.15
733;2;2.1
734;2;2.1
735;2;2.1
736;2;2.1
737;2;2.1
738;2;2.1
739;2;2.1
740;2;2.1
741;2;2.1
742;2;2.1
743;2;2.1
744;2;2.1
745;2;2.1
746;2;2.1
747;3;2.15
748;2;2.1
749;2;2.1
750;2;2.1
751;2;2.1
752;2;2.1
753;2;2.1
754;2;2.1
755;2;2.1
756;2;2.1
757;3;2.15
758;2;2.1
759;2;2.1
760;2;2.1
761;2;2.1
762;2;2.1
763;2;2.1
764;3;2.15
765;2;2.1
766;3;2.15
767;2;2.1
768;2;2.1
769;2;2.1
770;3;2.15
771;2;2.1
772;2;2.1
773;3;2.15
774;3;2.15
775;3;2.2
776;2;2.1
777;3;2.15
778;3;2.15
779;2;2.1
780;2;2.1
781;2;2.1
782;2;2.1
783;2;2.1
784;2;2.1
785;2;2.1
786;2;2.1
787;2;2.1
788;2;2.1
789;2;2.1
790;3;2.2
791;2;2.1
792;2;2.1
793;3;2.15
794;3;2.15
795;3;2.15
796;3;2.15
797;2;2.1
798;2;2.1
799;2;2.1
800;2;2.1
801;2;2.1
802;2;2.1
803;2;2.1
804;2;2.1
805;2;2.1
806;2;2.1
807;2;2.1
808;2;2.1
809;2;2.1
810;2;2.1
811;2;2.1
812;2;2.1
813;2;2.1
814;2;2.1
815;2;2.1
816;2;2.1
817;2;2.1
818;2;2.1
819;2;2.1
820;2;2.1
821;2;2.1
822;2;2.1
823;2;2.1
824;2;2.1
825;2;2.1
826;2;2.1
827;2;2.1
828;2;2.1
829;2;2.1
830;2;2.1
831;2;2.1
832;2;2.1
833;2;2.1
834;2;2.1
835;2;2.1
836;2;2.1
837;2;2.1
838;2;2.1
839;2;2.1
840;2;2.1
841;2;2.1
842;2;2.1
843;2;2.1
844;2;2.1
845;2;2.1
846;2;2.1
847;2;2.1
848;2;2.1
849;2;2.1
850;2;2.1
851;2;2.1
852;2;2.1
853;2;2.1
854;2;2.1
855;2;2.1
856;2;2.1
857;3;2.15
858;2;2.1
859;2;2.1
860;2;2.1
861;2;2.1
862;2;2.1
863;2;2.1
864;2;2.1
865;2;2.1
866;2;2.1
867;2;2.1
868;2;2.1
869;2;2.1
870;2;2.1
871;2;2.1
872;2;2.1
873;2;2.1
874;2;2.1
875;2;2.1
876;2;2.1
877;2;2.1
878;2;2.1
879;2;2.1
880;2;2.1
881;2;2.1
882;2;2.1
883;2;2.1
884;2;2.1
885;2;2.1
886;2;2.1
887;3;2.15
888;2;2.1
889;2;2.1
890;3;2.15
891;2;2.1
892;3;2.2
893;3;2.15
894;2;2.1
895;2;2.1
896;2;2.1
897;3;2.15
898;3;2.15
899;2;2.1
900;2;2.1
901;2;2.1
902;2;2.1
903;3;2.15
904;2;2.1
905;2;2.1
906;2;2.1
907;3;2.15
908;2;2.1
909;2;2.1
910;3;2.15
911;2;2.1
912;2;2.1
913;2;2.1
914;2;2.1
915;2;2.1
916;2;2.1
917;2;2.1
918;4;2.2
919;2;2.1
920;2;2.1
921;2;2.1
922;2;2.1
923;2;2.1
924;3;2.15
925;3;2.25
926;3;2.2
927;2;2.1
928;4;2.2
929;3;2.15
930;3;2.15
931;2;2.1
932;2;2.1
933;4;2.2
934;2;2.1
935;3;2.15
936;2;2.1
937;2;2.1
938;2;2.1
939;2;2.1
940;4;2.2
941;4;2.2
942;3;2.2
943;2;2.1
944;3;2.15
945;2;2.1
946;2;2.1
947;2;2.1
948;2;2.1
949;2;2.1
950;2;2.1
951;2;2.1
952;2;2.1
953;2;2.1
954;2;2.1
955;2;2.1
956;2;2.1
957;3;2.15
958;2;2.1
959;2;2.1
960;2;2.1
961;3;2.2
962;4;2.25
963;2;2.1
964;3;2.15
965;2;2.1
966;2;2.1
967;3;2.2
968;2;2.1
969;2;2.1
970;2;2.1
971;2;2.1
972;2;2.1
973;2;2.1
974;3;2.15
975;2;2.1
976;2;2.1
977;2;2.1
978;2;2.1
979;2;2.1
980;3;2.15
981;2;2.1
982;3;2.15
983;3;2.15
984;2;2.1
985;2;2.1
986;2;2.1
987;3;2.15
988;2;2.1
989;2;2.1
990;3;2.15
991;3;2.15
992;2;2.1
993;2;2.1
994;2;2.1
995;2;2.1
996;2;2.1
997;2;2.1
998;2;2.1
999;2;2.1
1000;2;2.1
1001;2;2.1
1002;2;2.1
1003;2;2.1
1004;2;2.1
1005;2;2.1
1006;2;2.1
1007;2;2.1
1008;3;2.15
1009;2;2.1
1010;2;2.1
1011;2;2.1
1012;2;2.1
1013;2;2.1
1014;2;2.1
1015;2;2.1
1016;2;2.1
1017;2;2.1
1018;2;2.1
1019;2;2.1
1020;2;2.1
1021;3;2.15
1022;2;2.1
1023;2;2.1
1024;2;2.1
1025;2;2.1
1026;2;2.1
1027;4;2.2
1028;2;2.1
1029;2;2.1
1030;4;2.2
1031;2;2.1
1032;2;2.1
1033;2;2.1
1034;2;2.1
1035;2;2.1
1036;2;2.1
1037;2;2.1
1038;2;2.1
1039;2;2.1
1040;2;2.1
1041;2;2.1
1042;3;2.15
1043;3;2.15
1044;2;2.1
1045;2;2.1
1046;2;2.1
1047;2;2.1
1048;2;2.1
1049;2;2.1
1050;2;2.1
1051;2;2.1
1052;2;2.1
1053;2;2.1
1054;2;2.1
1055;2;2.1
1056;2;2.1
1057;3;2.15
1058;2;2.1
1059;2;2.1
1060;2;2.1
1061;2;2.1
1062;2;2.1
1063;2;2.1
1064;2;2.1
1065;3;2.15
1066;2;2.1
1067;3;2.15
1068;2;2.1
1069;3;2.15
1070;2;2.1
1071;2;2.1
1072;2;2.1
1073;2;2.1
1074;2;2.1
1075;3;2.15
1076;2;2.1
1077;3;2.15
1078;2;2.1
1079;2;2.1
1080;2;2.1
1081;2;2.1
1082;2;2.1
1083;2;2.1
1084;2;2.1
1085;2;2.1
1086;2;2.1
1087;2;2.1
1088;2;2.1
1089;2;2.1
1090;2;2.1
1091;2;2.1
1092;2;2.1
1093;4;2.2
1094;2;2.1
1095;2;2.1
1096;2;2.1
1097;2;2.1
1098;2;2.1
1099;2;2.1
1100;2;2.1
1101;2;2.1
1102;2;2.1
1103;2;2.1
1104;2;2.1
1105;2;2.1
1106;2;2.1
1107;2;2.1
1108;4;2.2
1109;2;2.1
1110;2;2.1
1111;2;2.1
1112;2;2.1
1113;2;2.1
1114;2;2.1
1115;2;2.1
1116;2;2.1
1117;3;2.15
1118;3;2.15
1119;2;2.1
1120;2;2.1
1121;2;2.1
1122;2;2.1
1123;2;2.1
1124;2;2.1
1125;2;2.1
1126;2;2.1
1127;2;2.1
1128;3;2.15
1129;3;2.15
1130;2;2.1
1131;2;2.1
1132;2;2.1
1133;3;2.2
1134;2;2.1
1135;2;2.1
1136;2;2.1
1137;2;2.1
1138;2;2.1
1139;2;2.1
1140;2;2.1
1141;2;2.1
1142;2;2.1
1143;2;2.1
1144;2;2.1
1145;2;2.1
1146;2;2.1
1147;2;2.1
1148;3;2.15
1149;2;2.1
1150;2;2.1
1151;2;2.1
1152;2;2.1
1153;3;2.15
1154;2;2.1
1155;2;2.1
1156;2;2.1
1157;2;2.1
1158;2;2.1
1159;2;2.1
1160;3;2.15
1161;3;2.15
1162;2;2.1
1163;3;2.15
1164;3;2.15
1165;2;2.1
1166;2;2.1
1167;2;2.1
1168;3;2.15
1169;2;2.1
1170;2;2.1
1171;2;2.1
1172;2;2.1
1173;2;2.1
1174;2;2.1
1175;2;2.1
1176;2;2.1
1177;2;2.1
1178;3;2.15
1179;2;2.1
1180;2;2.1
1181;2;2.1
1182;2;2.1
1183;2;2.1
1184;2;2.1
1185;2;2.1
1186;2;2.1
1187;2;2.1
1188;2;2.1
1189;2;2.1
1190;2;2.1
1191;2;2.1
1192;2;2.1
1193;2;2.1
1194;2;2.1
1195;2;2.1
1196;2;2.1
1197;3;2.15
1198;3;2.15
1199;2;2.1
1200;2;2.1
1201;3;2.15
1202;4;2.2
1203;2;2.1
1204;2;2.1
1205;3;2.2
1206;2;2.1
1207;2;2.1
1208;2;2.1
1209;2;2.1
1210;2;2.1
1211;2;2.1
1212;2;2.1
1213;2;2.1
1214;3;2.15
1215;2;2.1
1216;2;2.1
1217;3;2.15
1218;2;2.1
1219;2;2.1
1220;2;2.1
1221;2;2.1
1222;3;2.15
1223;2;2.1
1224;3;2.15
1225;2;2.1
1226;3;2.15
1227;2;2.1
1228;3;2.2
1229;3;2.2
1230;3;2.15
1231;3;2.15
1232;2;2.1
1233;3;2.15
1234;2;2.1
1235;2;2.1
1236;3;2.15
1237;2;2.1
1238;3;2.15
1239;3;2.15
1240;2;2.1
1241;3;2.15
1242;3;2.2
1243;3;2.15
1244;3;2.15
1245;4;2.2
1246;3;2.15
1247;2;2.1
1248;3;2.15
1249;2;2.1
1250;2;2.1
1251;2;2.1
1252;2;2.1
1253;2;2.1
1254;2;2.1
1255;2;2.1
1256;2;2.1
1257;2;2.1
1258;2;2.1
1259;2;2.1
1260;2;2.1
1261;3;2.15
1262;2;2.1
1263;2;2.1
1264;2;2.1
1265;2;2.1
1266;2;2.1
1267;2;2.1
1268;2;2.1
1269;2;2.1
1270;2;2.1
1271;2;2.1
1272;2;2.1
1273;2;2.1
1274;2;2.1
1275;2;2.1
1276;2;2.1
1277;2;2.1
1278;3;2.15
1279;2;2.1
1280;3;2.15
1281;2;2.1
1282;2;2.1
1283;3;2.2
1284;2;2.1
1285;2;2.1
1286;2;2.1
1287;2;2.1
1288;2;2.1
1289;2;2.1
1290;2;2.1
1291;3;2.15
1292;2;2.1
1293;2;2.1
1294;2;2.1
1295;2;2.1
1296;2;2.1
1297;2;2.1
1298;2;2.1
1299;2;2.1
1300;2;2.1
1301;2;2.1
1302;2;2.1
1303;3;2.15
1304;2;2.1
1305;2;2.1
1306;2;2.1
1307;2;2.1
1308;2;2.1
1309;2;2.1
1310;2;2.1
1311;2;2.1
1312;2;2.1
1313;2;2.1
1314;2;2.1
1315;2;2.1
1316;2;2.1
1317;2;2.1
1318;2;2.1
1319;2;2.1
1320;2;2.1
1321;2;2.1
1322;2;2.1
1323;2;2.1
1324;2;2.1
1325;2;2.1
1326;2;2.1
1327;3;2.15
1328;2;2.1
1329;2;2.1
1330;2;2.1
1331;2;2.1
1332;2;2.1
1333;2;2.1
1334;2;2.1
1335;2;2.1
1336;2;2.1
1337;2;2.1
1338;2;2.1
1339;2;2.1
1340;2;2.1
1341;2;2.1
1342;2;2.1
1343;2;2.1
1344;2;2.1
1345;2;2.1
1346;2;2.1
1347;3;2.15
1348;2;2.1
1349;2;2.1
1350;2;2.1
1351;2;2.1
1352;4;2.2
1353;2;2.1
1354;2;2.1
1355;2;2.1
1356;2;2.1
1357;2;2.1
1358;2;2.1
1359;2;2.1
1360;2;2.1
1361;2;2.1
1362;2;2.1
1363;2;2.1
1364;2;2.1
1365;2;2.1
1366;3;2.2
1367;2;2.1
1368;2;2.1
1369;2;2.1
1370;2;2.1
1371;2;2.1
1372;2;2.1
1373;2;2.1
1374;2;2.1
1375;2;2.1
1376;3;2.2
1377;2;2.1
1378;2;2.1
1379;2;2.1
1380;3;2.15
1381;3;2.15
1382;2;2.1
1383;2;2.1
1384;2;2.1
1385;2;2.1
1386;2;2.1
1387;2;2.1
1388;3;2.15
1389;2;2.1
1390;3;2.15
1391;2;2.1
1392;2;2.1
1393;2;2.1
1394;2;2.1
1395;2;2.1
1396;2;2.1
1397;3;2.15
1398;2;2.1
1399;2;2.1
1400;2;2.1
1401;2;2.1
1402;2;2.1
1403;2;2.1
1404;2;2.1
1405;2;2.1
1406;2;2.1
1407;2;2.1
1408;2;2.1
1409;2;2.1
1410;2;2.1
1411;3;2.15
1412;2;2.1
1413;2;2.1
1414;2;2.1
1415;2;2.1
1416;2;2.1
1417;2;2.1
1418;3;2.15
1419;2;2.1
1420;2;2.1
1421;2;2.1
1422;2;2.1
1423;2;2.1
1424;2;2.1
1425;2;2.1
1426;2;2.1
1427;2;2.1
1428;2;2.1
1429;2;2.1
1430;2;2.1
1431;2;2.1
1432;2;2.1
1433;2;2.1
1434;2;2.1
1435;2;2.1
1436;2;2.1
1437;2;2.1
1438;2;2.1
1439;2;2.1
1440;2;2.1
1441;2;2.1
1442;2;2.1
1443;2;2.1
1444;2;2.1
1445;2;2.1
1446;2;2.1
1447;2;2.1
1448;2;2.1
1449;2;2.1
1450;2;2.1
1451;2;2.1
1452;2;2.1
1453;3;2.15
1454;2;2.1
1455;2;2.1
1456;2;2.1
1457;2;2.1
1458;2;2.1
1459;2;2.1
1460;2;2.1
1461;2;2.1
1462;2;2.1
1463;2;2.1
1464;2;2.1
1465;2;2.1
1466;2;2.1
1467;2;2.1
1468;2;2.1
1469;2;2.1
1470;2;2.1
1471;2;2.1
1472;2;2.1
1473;2;2.1
1474;3;2.15
1475;2;2.1
1476;2;2.1
1477;2;2.1
1478;2;2.1
1479;2;2.1
1480;2;2.1
1481;2;2.1
1482;2;2.1
1483;2;2.1
1484;2;2.1
1485;2;2.1
1486;2;2.1
1487;2;2.1
1488;2;2.1
1489;4;2.2
1490;2;2.1
1491;2;2.1
1492;2;2.1
1493;2;2.1
1494;2;2.1
1495;2;2.1
1496;2;2.1
1497;2;2.1
1498;2;2.1
1499;2;2.1
1500;2;2.1
1501;2;2.1
1502;2;2.1
1503;2;2.1
1504;3;2.15
1505;3;2.15
1506;3;2.15
1507;2;2.1
1508;2;2.1
1509;2;2.1
1510;3;2.15
1511;2;2.1
1512;2;2.1
1513;2;2.1
1514;2;2.1
1515;2;2.1
1516;2;2.1
1517;2;2.1
1518;3;2.15
1519;2;2.1
1520;2;2.1
1521;2;2.1
1522;2;2.1
1523;2;2.1
1524;2;2.1
1525;2;2.1
1526;4;2.25
1527;2;2.1
1528;3;2.15
1529;4;2.2
1530;2;2.1
1531;2;2.1
1532;3;2.15
1533;2;2.1
1534;3;2.15
1535;2;2.1
1536;2;2.1
1537;2;2.1
1538;2;2.1
1539;2;2.1
1540;2;2.1
1541;2;2.1
1542;3;2.15
1543;2;2.1
1544;2;2.1
1545;2;2.1
1546;2;2.1
1547;2;2.1
1548;2;2.1
1549;3;2.15
1550;3;2.15
1551;3;2.2
1552;3;2.15
1553;2;2.1
1554;2;2.1
1555;2;2.1
1556;2;2.1
1557;2;2.1
1558;3;2.15
1559;3;2.2
1560;2;2.1
1561;2;2.1
1562;2;2.1
1563;3;2.15
1564;3;2.15
1565;2;2.1
1566;2;2.1
1567;2;2.1
1568;2;2.1
1569;2;2.1
1570;2;2.1
1571;2;2.1
1572;2;2.1
1573;2;2.1
1574;2;2.1
1575;2;2.1
1576;2;2.1
1577;2;2.1
1578;2;2.1
1579;2;2.1
1580;2;2.1
1581;2;2.1
1582;2;2.1
1583;2;2.1
1584;2;2.1
1585;2;2.1
1586;2;2.1
1587;2;2.1
1588;2;2.1
1589;2;2.1
1590;2;2.1
1591;2;2.1
1592;2;2.1
1593;2;2.1
1594;2;2.1
1595;2;2.1
1596;4;2.2
1597;4;2.25
1598;3;2.15
1599;3;2.15
1600;2;2.1
1601;2;2.1
1602;2;2.1
1603;2;2.1
1604;2;2.1
1605;2;2.1
1606;2;2.1
1607;2;2.1
1608;2;2.1
1609;3;2.15
1610;2;2.1
1611;2;2.1
1612;2;2.1
1613;2;2.1
1614;2;2.1
1615;2;2.1
1616;3;2.15
1617;2;2.1
1618;2;2.1
1619;2;2.1
1620;2;2.1
1621;2;2.1
1622;2;2.1
1623;2;2.1
1624;2;2.1
1625;2;2.1
1626;2;2.1
1627;2;2.1
1628;2;2.1
1629;2;2.1
1630;2;2.1
1631;2;2.1
1632;2;2.1
1633;2;2.1
1634;2;2.1
1635;2;2.1
1636;2;2.1
1637;2;2.1
1638;2;2.1
1639;2;2.1
1640;3;2.15
1641;2;2.1
1642;2;2.1
1643;2;2.1
1644;2;2.1
1645;2;2.1
1646;2;2.1
1647;2;2.1
1648;2;2.1
1649;2;2.1
1650;2;2.1
1651;3;2.15
1652;3;2.15
1653;2;2.1
1654;2;2.1
1655;2;2.1
1656;2;2.1
1657;2;2.1
1658;3;2.15
1659;2;2.1
1660;2;2.1
1661;2;2.1
1662;2;2.1
1663;2;2.1
1664;2;2.1
1665;2;2.1
1666;2;2.1
1667;2;2.1
1668;2;2.1
1669;3;2.15
1670;2;2.1
1671;2;2.1
1672;2;2.1
1673;2;2.1
1674;2;2.1
1675;2;2.1
1676;3;2.15
1677;2;2.1
1678;2;2.1
1679;2;2.1
1680;3;2.15
1681;3;2.15
1682;2;2.1
1683;2;2.1
1684;3;2.15
1685;2;2.1
1686;2;2.1
1687;2;2.1
1688;2;2.1
1689;2;2.1
1690;2;2.1
1691;2;2.1
1692;2;2.1
1693;2;2.1
1694;2;2.1
1695;2;2.1
1696;2;2.1
1697;2;2.1
1698;2;2.1
1699;2;2.1
1700;2;2.1
1701;2;2.1
1702;2;2.1
1703;2;2.1
1704;3;2.15
1705;2;2.1
1706;2;2.1
1707;2;2.1
1708;2;2.1
1709;2;2.1
1710;2;2.1
1711;2;2.1
1712;2;2.1
1713;2;2.1
1714;2;2.1
1715;3;2.15
1716;2;2.1
1717;2;2.1
1718;2;2.1
1719;2;2.1
1720;2;2.1
1721;2;2.1
1722;2;2.1
1723;3;2.15
1724;2;2.1
1725;2;2.1
1726;2;2.1
1727;2;2.1
1728;2;2.1
1729;2;2.1
1730;2;2.1
1731;2;2.1
1732;2;2.1
1733;2;2.1
1734;2;2.1
1735;2;2.1
1736;2;2.1
1737;2;2.1
1738;2;2.1
1739;2;2.1
1740;2;2.1
1741;2;2.1
1742;2;2.1
1743;2;2.1
1744;2;2.1
1745;2;2.1
1746;2;2.1
1747;2;2.1
1748;2;2.1
1749;3;2.15
1750;2;2.1
1751;2;2.1
1752;2;2.1
1753;2;2.1
1754;2;2.1
1755;2;2.1
1756;2;2.1
1757;2;2.1
1758;3;2.15
1759;2;2.1
1760;2;2.1
1761;2;2.1
1762;2;2.1
1763;2;2.1
1764;2;2.1
1765;2;2.1
1766;2;2.1
1767;2;2.1
1768;2;2.1
1769;2;2.1
1770;2;2.1
1771;2;2.1
1772;2;2.1
1773;2;2.1
1774;2;2.1
1775;2;2.1
1776;2;2.1
1777;2;2.1
1778;2;2.1
1779;2;2.1
1780;3;2.15
1781;2;2.1
1782;2;2.1
1783;2;2.1
1784;2;2.1
1785;2;2.1
1786;2;2.1
1787;2;2.1
1788;2;2.1
1789;2;2.1
1790;2;2.1
1791;2;2.1
1792;2;2.1
1793;2;2.1
1794;2;2.1
1795;2;2.1
1796;2;2.1
1797;2;2.1
1798;2;2.1
1799;2;2.1
1800;2;2.1
1801;2;2.1
1802;2;2.1
1803;2;2.1
1804;2;2.1
1805;2;2.1
1806;2;2.1
1807;3;2.15
1808;2;2.1
1809;2;2.1
1810;2;2.1
1811;2;2.1
1812;2;2.1
1813;2;2.1
1814;2;2.1
1815;2;2.1
1816;2;2.1
1817;2;2.1
1818;2;2.1
1819;2;2.1
1820;2;2.1
1821;2;2.1
1822;2;2.1
1823;2;2.1
1824;2;2.1
1825;2;2.1
1826;2;2.1
1827;2;2.1
1828;2;2.1
1829;2;2.1
1830;2;2.1
1831;2;2.1
1832;4;2.2
1833;2;2.1
1834;2;2.1
1835;2;2.1
1836;3;2.15
1837;2;2.1
1838;2;2.1
1839;2;2.1
1840;2;2.1
1841;2;2.1
1842;2;2.1
1843;2;2.1
1844;2;2.1
1845;2;2.1
1846;2;2.1
1847;2;2.1
1848;2;2.1
1849;2;2.1
1850;2;2.1
1851;2;2.1
1852;2;2.1
1853;2;2.1
1854;2;2.1
1855;2;2.1
1856;2;2.1
1857;2;2.1
1858;2;2.1
1859;2;2.1
1860;2;2.1
1861;2;2.1
1862;2;2.1
1863;2;2.1
1864;2;2.1
1865;2;2.1
1866;2;2.1
1867;2;2.1
1868;2;2.1
1869;2;2.1
1870;2;2.1
1871;2;2.1
1872;2;2.1
1873;2;2.1
1874;2;2.1
1875;2;2.1
1876;2;2.1
1877;2;2.1
1878;2;2.1
1879;2;2.1
1880;2;2.1
1881;2;2.1
1882;2;2.1
1883;2;2.1
1884;3;2.15
1885;2;2.1
1886;2;2.1
1887;2;2.1
1888;2;2.1
1889;2;2.1
1890;2;2.1
1891;2;2.1
1892;2;2.1
1893;2;2.1
1894;2;2.1
1895;2;2.1
1896;2;2.1
1897;4;2.25
1898;2;2.1
1899;2;2.1
1900;2;2.1
1901;2;2.1
1902;2;2.1
1903;2;2.1
1904;2;2.1
1905;2;2.1
1906;2;2.1
1907;2;2.1
1908;2;2.1
1909;2;2.1
1910;2;2.1
1911;2;2.1
1912;2;2.1
1913;2;2.1
1914;3;2.15
1915;2;2.1
1916;2;2.1
1917;2;2.1
1918;2;2.1
1919;2;2.1
1920;2;2.1
1921;2;2.1
1922;3;2.15
1923;2;2.1
1924;2;2.1
1925;2;2.1
1926;2;2.1
1927;2;2.1
1928;2;2.1
1929;2;2.1
1930;2;2.1
1931;2;2.1
1932;2;2.1
1933;2;2.1
1934;2;2.1
1935;3;2.15
1936;2;2.1
1937;2;2.1
1938;2;2.1
1939;2;2.1
1940;2;2.1
1941;2;2.1
1942;2;2.1
1943;2;2.1
1944;2;2.1
1945;2;2.1
1946;2;2.1
1947;2;2.1
1948;2;2.1
1949;2;2.1
1950;2;2.1
1951;3;2.15
1952;2;2.1
1953;2;2.1
1954;2;2.1
1955;2;2.1
1956;2;2.1
1957;2;2.1
1958;2;2.1
1959;2;2.1
1960;2;2.1
1961;2;2.1
1962;2;2.1
1963;2;2.1
1964;2;2.1
1965;2;2.1
1966;2;2.1
1967;2;2.1
1968;2;2.1
1969;2;2.1
1970;2;2.1
1971;2;2.1
1972;2;2.1
1973;2;2.1
1974;2;2.1
1975;2;2.1
1976;2;2.1
1977;2;2.1
1978;2;2.1
1979;2;2.1
1980;2;2.1
1981;2;2.1
1982;2;2.1
1983;2;2.1
1984;2;2.1
1985;2;2.1
1986;2;2.1
1987;2;2.1
1988;2;2.1
1989;2;2.1
1990;4;2.2
1991;2;2.1
1992;2;2.1
1993;2;2.1
1994;2;2.1
1995;2;2.1
1996;2;2.1
1997;2;2.1
1998;2;2.1
1999;2;2.1
2000;2;2.1
Meranie: 13
0;2;1.4
1;4;1.7
2;2;1.95
3;2;1.8
4;2;1.85
5;3;2.05
6;3;2.15
7;3;2.15
8;3;2.2
9;3;2.15
10;2;2.1
11;2;2.1
12;2;2.1
13;3;2.15
14;2;2.1
15;2;2.1
16;3;2.15
17;2;2.1
18;2;2.1
19;3;2.15
20;3;2.2
21;3;2.15
22;2;2.1
23;2;2.1
24;2;2.1
25;3;2.15
26;3;2.15
27;3;2.15
28;2;2.1
29;2;2.1
30;3;2.15
31;3;2.15
32;2;2.1
33;3;2.15
34;2;2.1
35;2;2.1
36;2;2.1
37;2;2.1
38;2;2.1
39;2;2.1
40;2;2.1
41;3;2.2
42;3;2.2
43;2;2.1
44;3;2.15
45;2;2.1
46;2;2.1
47;3;2.15
48;2;2.1
49;2;2.1
50;2;2.1
51;2;2.1
52;2;2.1
53;2;2.1
54;2;2.1
55;2;2.1
56;2;2.1
57;2;2.1
58;2;2.1
59;3;2.15
60;3;2.15
61;3;2.2
62;3;2.15
63;3;2.15
64;3;2.15
65;3;2.25
66;2;2.1
67;2;2.1
68;3;2.25
69;3;2.2
70;3;2.15
71;2;2.1
72;2;2.1
73;2;2.1
74;3;2.25
75;3;2.2
76;3;2.3
77;3;2.3
78;3;2.25
79;3;2.2
80;2;2.1
81;3;2.2
82;2;2.1
83;4;2.2
84;3;2.25
85;2;2.1
86;2;2.1
87;2;2.1
88;3;2.2
89;3;2.15
90;3;2.35
91;3;2.15
92;3;2.2
93;3;2.2
94;3;2.15
95;3;2.15
96;2;2.1
97;2;2.1
98;3;2.15
99;2;2.1
100;3;2.15
101;3;2.2
102;3;2.15
103;3;2.15
104;3;2.15
105;3;2.25
106;2;2.1
107;3;2.15
108;2;2.1
109;3;2.15
110;2;2.1
111;3;2.15
112;3;2.15
113;2;2.1
114;2;2.1
115;3;2.15
116;3;2.25
117;3;2.2
118;2;2.1
119;2;2.1
120;2;2.1
121;3;2.15
122;2;2.1
123;3;2.15
124;2;2.1
125;2;2.1
126;2;2.1
127;3;2.15
128;2;2.1
129;2;2.1
130;2;2.1
131;2;2.1
132;2;2.1
133;2;2.1
134;2;2.1
135;2;2.1
136;3;2.15
137;2;2.1
138;3;2.15
139;3;2.15
140;2;2.1
141;3;2.15
142;3;2.15
143;3;2.15
144;3;2.15
145;3;2.25
146;3;2.25
147;3;2.3
148;3;2.2
149;3;2.15
150;3;2.15
151;3;2.3
152;3;2.25
153;3;2.15
154;2;2.1
155;2;2.1
156;2;2.1
157;3;2.15
158;3;2.2
159;3;2.25
160;3;2.2
161;3;2.15
162;3;2.2
163;3;2.25
164;3;2.2
165;3;2.15
166;3;2.15
167;3;2.2
168;3;2.3
169;3;2.3
170;3;2.2
171;3;2.25
172;4;2.35
173;3;2.3
174;3;2.35
175;3;2.35
176;3;2.2
177;3;2.15
178;3;2.15
179;2;2.1
180;2;2.1
181;2;2.1
182;2;2.1
183;2;2.1
184;2;2.1
185;2;2.1
186;2;2.1
187;2;2.1
188;2;2.1
189;2;2.1
190;2;2.1
191;2;2.1
192;2;2.1
193;2;2.1
194;2;2.1
195;2;2.1
196;3;2.15
197;2;2.1
198;2;2.1
199;2;2.1
200;2;2.1
201;2;2.1
202;2;2.1
203;2;2.1
204;2;2.1
205;2;2.1
206;2;2.1
207;3;2.15
208;3;2.2
209;2;2.1
210;3;2.2
211;2;2.1
212;2;2.1
213;2;2.1
214;2;2.1
215;2;2.1
216;2;2.1
217;2;2.1
218;2;2.1
219;2;2.1
220;2;2.1
221;2;2.1
222;4;2.25
223;2;2.1
224;2;2.1
225;2;2.1
226;2;2.1
227;2;2.1
228;3;2.15
229;2;2.1
230;2;2.1
231;3;2.15
232;3;2.2
233;3;2.2
234;3;2.25
235;3;2.25
236;3;2.15
237;3;2.3
238;3;2.25
239;4;2.2
240;3;2.25
241;3;2.25
242;3;2.15
243;3;2.2
244;4;2.25
245;3;2.25
246;3;2.25
247;3;2.15
248;3;2.15
249;3;2.25
250;3;2.15
251;2;2.1
252;2;2.1
253;2;2.1
254;2;2.1
255;2;2.1
256;3;2.15
257;4;2.2
258;3;2.15
259;3;2.15
260;3;2.2
261;2;2.1
262;4;2.25
263;3;2.15
264;3;2.15
265;3;2.2
266;2;2.1
267;3;2.15
268;3;2.2
269;3;2.2
270;3;2.25
271;3;2.2
272;2;2.1
273;4;2.4
274;3;2.2
275;3;2.15
276;3;2.15
277;3;2.2
278;3;2.2
279;4;2.3
280;4;2.35
281;4;2.5
282;4;2.5
283;4;2.55
284;4;2.4
285;4;2.4
286;4;2.6
287;4;2.4
288;3;2.3
289;4;2.4
290;4;2.25
291;4;2.25
292;4;2.25
293;4;3.0
294;4;2.7
295;4;2.8
296;4;3.25
297;4;3.3
298;4;3.6
299;4;3.85
300;4;3.85
301;4;4.2
302;4;4.2
303;4;4.2
304;4;4.2
305;4;4.2
306;4;4.2
307;4;4.2
308;4;4.2
309;4;4.2
310;4;4.2
311;4;4.2
312;4;4.2
313;4;4.2
314;4;4.2
315;4;4.2
316;4;4.2
317;4;4.2
Meranie: 14
0;3;1.5
1;2;1.5
2;2;1.85
3;2;1.85
4;2;2.0
5;2;1.8
6;2;2.1
7;3;2.15
8;2;2.1
9;2;2.1
10;2;2.1
11;3;2.15
12;3;2.15
13;3;2.15
14;3;2.15
15;3;2.15
16;2;2.1
17;3;2.15
18;3;2.15
19;2;2.1
20;3;2.15
21;2;2.1
22;3;2.15
23;3;2.15
24;3;2.2
25;3;2.15
26;3;2.25
27;3;2.2
Meranie: 15
0;2;1.55
1;3;1.8
2;3;1.9
3;2;1.9
4;2;1.8
5;2;1.8
6;2;1.8
7;2;1.95
8;2;2.1
9;2;2.1
10;2;2.1
11;3;2.15
12;3;2.15
13;3;2.15
14;2;2.1
15;3;2.25
16;3;2.2
17;3;2.2
18;3;2.2
19;4;2.35
20;3;2.15
21;3;2.15
22;3;2.35
23;3;2.15
24;3;2.2
25;3;2.3
26;3;2.15
27;3;2.3
28;3;2.25
29;3;2.15
30;4;2.35
31;3;2.2
32;3;2.2
33;4;2.25
34;4;2.25
35;3;2.15
36;3;2.25
37;3;2.25
38;3;2.25
39;4;2.4
40;4;2.35
41;3;2.4
42;3;2.25
43;3;2.3
44;4;2.35
45;3;2.3
46;3;2.3
47;2;2.1
48;2;2.1
49;3;2.2
50;2;2.1
51;2;2.1
52;3;2.15
53;2;2.1
54;3;2.15
55;4;2.35
56;3;2.2
57;3;2.15
58;3;2.2
59;2;2.1
60;3;2.15
61;3;2.15
62;3;2.15
63;4;2.25
64;3;2.15
65;3;2.15
66;3;2.15
67;2;2.1
68;2;2.1
69;2;2.1
70;2;2.1
71;2;2.1
72;4;2.2
73;2;2.1
74;2;2.1
75;2;2.1
76;2;2.1
77;2;2.1
78;3;2.15
79;2;2.1
80;2;2.1
81;2;2.1
82;2;2.1
83;2;2.1
84;2;2.1
85;2;2.1
86;2;2.1
87;2;2.1
88;3;2.15
89;2;2.1
90;3;2.15
91;3;2.15
92;2;2.1
93;2;2.1
94;2;2.1
95;2;2.1
96;2;2.1
97;2;2.1
98;2;2.1
99;2;2.1
100;2;2.1
101;2;2.1
102;2;2.1
103;2;2.1
104;2;2.1
105;2;2.1
106;2;2.1
107;2;2.1
108;2;2.1
109;2;2.1
110;2;2.1
111;2;2.1
112;2;2.1
113;2;2.1
114;2;2.1
115;2;2.1
116;2;2.1
117;3;2.15
118;2;2.1
119;4;2.2
120;2;2.1
121;2;2.1
122;2;2.1
123;2;2.1
124;2;2.1
125;2;2.1
126;2;2.1
127;2;2.1
128;2;2.1
129;2;2.1
130;2;2.1
131;2;2.1
132;2;2.1
133;2;2.1
134;2;2.1
135;2;2.1
136;2;2.1
137;2;2.1
138;2;2.1
139;2;2.1
140;2;2.1
141;2;2.1
142;2;2.1
143;2;2.1
144;2;2.1
145;2;2.1
146;2;2.1
147;2;2.1
148;2;2.1
149;2;2.1
150;2;2.1
151;3;2.15
152;2;2.1
153;2;2.1
154;3;2.15
155;2;2.1
156;2;2.1
157;2;2.1
158;2;2.1
159;2;2.1
160;2;2.1
161;2;2.1
162;2;2.1
163;2;2.1
164;2;2.1
165;2;2.1
166;2;2.1
167;2;2.1
168;2;2.1
169;2;2.1
170;2;2.1
171;2;2.1
172;2;2.1
173;2;2.1
174;2;2.1
175;2;2.1
176;2;2.1
177;2;2.1
178;2;2.1
179;3;2.15
180;2;2.1
181;2;2.1
182;2;2.1
183;2;2.1
184;2;2.1
185;2;2.1
186;3;2.15
187;2;2.1
188;2;2.1
189;2;2.1
190;2;2.1
191;2;2.1
192;2;2.1
193;2;2.1
194;2;2.1
195;2;2.1
196;2;2.1
197;3;2.15
198;2;2.1
199;2;2.1
200;2;2.1
201;2;2.1
202;2;2.1
203;2;2.1
204;2;2.1
205;3;2.15
206;2;2.1
207;2;2.1
208;2;2.1
209;2;2.1
210;2;2.1
211;2;2.1
212;2;2.1
213;2;2.1
214;2;2.1
215;2;2.1
216;2;2.1
217;2;2.1
218;2;2.1
219;2;2.1
220;2;2.1
221;2;2.1
222;2;2.1
223;2;2.1
224;2;2.1
225;2;2.1
226;2;2.1
227;2;2.1
228;2;2.1
229;2;2.1
230;2;2.1
231;2;2.1
232;2;2.1
233;2;2.1
234;2;2.1
235;2;2.1
236;2;2.1
237;2;2.1
238;2;2.1
239;2;2.1
240;2;2.1
241;2;2.1
242;2;2.1
243;2;2.1
244;2;2.1
245;2;2.1
246;2;2.1
247;2;2.1
248;2;2.1
249;2;2.1
250;2;2.1
251;2;2.1
252;2;2.1
253;2;2.1
254;2;2.1
255;3;2.15
256;2;2.1
257;2;2.1
258;2;2.1
259;2;2.1
260;2;2.1
261;2;2.1
262;2;2.1
263;2;2.1
264;2;2.1
265;3;2.15
266;2;2.1
267;2;2.1
268;2;2.1
269;3;2.2
270;3;2.15
271;2;2.1
272;3;2.15
273;4;2.25
274;2;2.1
275;2;2.1
276;2;2.1
277;2;2.1
278;2;2.1
279;2;2.1
280;2;2.1
281;2;2.1
282;2;2.1
283;2;2.1
284;2;2.1
285;2;2.1
286;2;2.1
287;2;2.1
288;2;2.1
289;2;2.1
290;2;2.1
291;2;2.1
292;2;2.1
293;2;2.1
294;2;2.1
295;2;2.1
296;2;2.1
297;2;2.1
298;2;2.1
299;2;2.1
300;2;2.1
301;2;2.1
302;2;2.1
303;3;2.15
304;2;2.1
305;2;2.1
306;2;2.1
307;2;2.1
308;2;2.1
309;2;2.1
310;2;2.1
311;2;2.1
312;2;2.1
313;2;2.1
314;2;2.1
315;2;2.1
316;2;2.1
317;3;2.15
318;2;2.1
319;2;2.1
320;2;2.1
321;2;2.1
322;2;2.1
323;2;2.1
324;2;2.1
325;2;2.1
326;2;2.1
327;2;2.1
328;2;2.1
329;2;2.1
330;2;2.1
331;2;2.1
332;2;2.1
333;3;2.15
334;3;2.2
335;3;2.15
336;2;2.1
337;3;2.15
338;4;2.2
339;2;2.1
340;2;2.1
341;2;2.1
342;2;2.1
343;2;2.1
344;2;2.1
345;2;2.1
346;2;2.1
347;2;2.1
348;3;2.15
349;2;2.1
350;2;2.1
351;2;2.1
352;2;2.1
353;2;2.1
354;2;2.1
355;2;2.1
356;2;2.1
357;2;2.1
358;2;2.1
359;2;2.1
360;2;2.1
361;2;2.1
362;2;2.1
363;2;2.1
364;3;2.15
365;2;2.1
366;2;2.1
367;2;2.1
368;2;2.1
369;2;2.1
370;2;2.1
371;2;2.1
372;2;2.1
373;2;2.1
374;2;2.1
375;2;2.1
376;2;2.1
377;2;2.1
378;2;2.1
379;2;2.1
380;2;2.1
381;2;2.1
382;2;2.1
383;2;2.1
384;3;2.15
385;2;2.1
386;2;2.1
387;2;2.1
388;2;2.1
389;2;2.1
390;2;2.1
391;2;2.1
392;2;2.1
393;2;2.1
394;2;2.1
395;2;2.1
396;2;2.1
397;2;2.1
398;2;2.1
399;2;2.1
400;2;2.1
401;2;2.1
402;2;2.1
403;2;2.1
404;3;2.15
405;2;2.1
406;2;2.1
407;2;2.1
408;2;2.1
409;2;2.1
410;2;2.1
411;2;2.1
412;2;2.1
413;2;2.1
414;2;2.1
415;2;2.1
416;3;2.15
417;2;2.1
418;3;2.15
419;2;2.1
420;2;2.1
421;2;2.1
422;2;2.1
423;2;2.1
424;2;2.1
425;2;2.1
426;2;2.1
427;2;2.1
428;3;2.15
429;2;2.1
430;2;2.1
431;2;2.1
432;2;2.1
433;2;2.1
434;2;2.1
435;2;2.1
436;2;2.1
437;2;2.1
438;2;2.1
439;2;2.1
440;2;2.1
441;2;2.1
442;2;2.1
443;2;2.1
444;2;2.1
445;2;2.1
446;2;2.1
447;2;2.1
448;3;2.15
449;2;2.1
450;2;2.1
451;2;2.1
452;2;2.1
453;2;2.1
454;2;2.1
455;2;2.1
456;2;2.1
457;2;2.1
458;2;2.1
459;2;2.1
460;2;2.1
461;2;2.1
462;2;2.1
463;2;2.1
464;3;2.15
465;2;2.1
466;2;2.1
467;2;2.1
468;2;2.1
469;2;2.1
470;2;2.1
471;2;2.1
472;2;2.1
473;2;2.1
474;2;2.1
475;2;2.1
476;2;2.1
477;2;2.1
478;2;2.1
479;2;2.1
480;2;2.1
481;2;2.1
482;2;2.1
483;2;2.1
484;2;2.1
485;2;2.1
486;2;2.1
487;3;2.15
488;2;2.1
489;2;2.1
490;3;2.15
491;3;2.15
492;2;2.1
493;3;2.15
494;2;2.1
495;3;2.15
496;3;2.15
497;2;2.1
498;4;2.2
499;2;2.1
500;2;2.1
501;2;2.1
502;2;2.1
503;2;2.1
504;2;2.1
505;2;2.1
506;2;2.1
507;2;2.1
508;2;2.1
509;2;2.1
510;2;2.1
511;2;2.1
512;2;2.1
513;2;2.1
514;2;2.1
515;2;2.1
516;2;2.1
517;2;2.1
518;2;2.1
519;2;2.1
520;2;2.1
521;2;2.1
522;2;2.1
523;2;2.1
524;2;2.1
525;2;2.1
526;2;2.1
527;2;2.1
528;2;2.1
529;2;2.1
530;2;2.1
531;2;2.1
532;2;2.1
533;2;2.1
534;2;2.1
535;2;2.1
536;2;2.1
537;2;2.1
538;2;2.1
539;2;2.1
540;2;2.1
541;2;2.1
542;2;2.1
543;2;2.1
544;2;2.1
545;2;2.1
546;2;2.1
547;2;2.1
548;2;2.1
549;2;2.1
550;2;2.1
551;2;2.1
552;2;2.1
553;2;2.1
554;2;2.1
555;4;2.2
556;2;2.1
557;2;2.1
558;2;2.1
559;2;2.1
560;2;2.1
561;3;2.15
562;2;2.1
563;2;2.1
564;2;2.1
565;2;2.1
566;2;2.1
567;2;2.1
568;2;2.1
569;2;2.1
570;2;2.1
571;2;2.1
572;2;2.1
573;2;2.1
574;2;2.1
575;2;2.1
576;2;2.1
577;3;2.15
578;2;2.1
579;2;2.1
580;2;2.1
581;2;2.1
582;2;2.1
583;2;2.1
584;2;2.1
585;2;2.1
586;2;2.1
587;2;2.1
588;2;2.1
589;2;2.1
590;2;2.1
591;2;2.1
592;2;2.1
593;2;2.1
594;2;2.1
595;2;2.1
596;2;2.1
597;2;2.1
598;2;2.1
599;2;2.1
600;2;2.1
601;3;2.15
602;2;2.1
603;2;2.1
604;2;2.1
605;2;2.1
606;2;2.1
607;2;2.1
608;2;2.1
609;2;2.1
610;2;2.1
611;2;2.1
612;2;2.1
613;2;2.1
614;2;2.1
615;2;2.1
616;2;2.1
617;2;2.1
618;2;2.1
619;2;2.1
620;2;2.1
621;2;2.1
622;2;2.1
623;2;2.1
624;2;2.1
625;2;2.1
626;2;2.1
627;2;2.1
628;4;2.2
629;2;2.1
630;3;2.15
631;2;2.1
632;3;2.15
633;2;2.1
634;2;2.1
635;2;2.1
636;2;2.1
637;2;2.1
638;2;2.1
639;2;2.1
640;2;2.1
641;2;2.1
642;2;2.1
643;2;2.1
644;2;2.1
645;2;2.1
646;2;2.1
647;2;2.1
648;2;2.1
649;2;2.1
650;2;2.1
651;2;2.1
652;2;2.1
653;3;2.15
654;2;2.1
655;2;2.1
656;2;2.1
657;2;2.1
658;2;2.1
659;2;2.1
660;2;2.1
661;2;2.1
662;2;2.1
663;2;2.1
664;2;2.1
665;2;2.1
666;2;2.1
667;2;2.1
668;2;2.1
669;2;2.1
670;2;2.1
671;2;2.1
672;2;2.1
673;2;2.1
674;2;2.1
675;2;2.1
676;2;2.1
677;2;2.1
678;2;2.1
679;2;2.1
680;2;2.1
681;2;2.1
682;2;2.1
683;2;2.1
684;2;2.1
685;2;2.1
686;3;2.15
687;3;2.15
688;2;2.1
689;2;2.1
690;2;2.1
691;2;2.1
692;3;2.15
693;2;2.1
694;2;2.1
695;2;2.1
696;2;2.1
697;2;2.1
698;2;2.1
699;2;2.1
700;2;2.1
701;2;2.1
702;2;2.1
703;2;2.1
704;2;2.1
705;2;2.1
706;2;2.1
707;2;2.1
708;2;2.1
709;2;2.1
710;2;2.1
711;2;2.1
712;2;2.1
713;2;2.1
714;2;2.1
715;2;2.1
716;2;2.1
717;2;2.1
718;2;2.1
719;2;2.1
720;2;2.1
721;2;2.1
722;2;2.1
723;2;2.1
724;2;2.1
725;2;2.1
726;2;2.1
727;2;2.1
728;3;2.15
729;2;2.1
730;2;2.1
731;2;2.1
732;2;2.1
733;2;2.1
734;2;2.1
735;2;2.1
736;2;2.1
737;2;2.1
738;2;2.1
739;2;2.1
740;2;2.1
741;2;2.1
742;2;2.1
743;2;2.1
744;2;2.1
745;2;2.1
746;2;2.1
747;2;2.1
748;2;2.1
749;2;2.1
750;2;2.1
751;2;2.1
752;2;2.1
753;2;2.1
754;2;2.1
755;2;2.1
756;2;2.1
757;2;2.1
758;2;2.1
759;2;2.1
760;2;2.1
761;2;2.1
762;2;2.1
763;2;2.1
764;2;2.1
765;2;2.1
766;2;2.1
767;2;2.1
768;2;2.1
769;2;2.1
770;2;2.1
771;3;2.15
772;2;2.1
773;2;2.1
774;2;2.1
775;2;2.1
776;2;2.1
777;2;2.1
778;2;2.1
779;2;2.1
780;2;2.1
781;2;2.1
782;2;2.1
783;2;2.1
784;3;2.15
785;2;2.1
786;2;2.1
787;2;2.1
788;2;2.1
789;3;2.15
790;2;2.1
791;2;2.1
792;2;2.1
793;2;2.1
794;2;2.1
795;3;2.15
796;2;2.1
797;2;2.1
798;2;2.1
799;2;2.1
800;2;2.1
801;2;2.1
802;2;2.1
803;2;2.1
804;2;2.1
805;2;2.1
806;2;2.1
807;2;2.1
808;2;2.1
809;4;2.2
810;2;2.1
811;2;2.1
812;2;2.1
813;2;2.1
814;2;2.1
815;2;2.1
816;2;2.1
817;2;2.1
818;2;2.1
819;2;2.1
820;3;2.15
821;2;2.1
822;3;2.15
823;2;2.1
824;2;2.1
825;2;2.1
826;2;2.1
827;4;2.2
828;2;2.1
829;2;2.1
830;2;2.1
831;2;2.1
832;2;2.1
833;2;2.1
834;3;2.15
835;2;2.1
836;2;2.1
837;2;2.1
838;2;2.1
839;2;2.1
840;2;2.1
841;2;2.1
842;2;2.1
843;2;2.1
844;2;2.1
845;3;2.15
846;2;2.1
847;2;2.1
848;2;2.1
849;2;2.1
850;3;2.15
851;2;2.1
852;2;2.1
853;2;2.1
854;4;2.2
855;2;2.1
856;2;2.1
857;2;2.1
858;2;2.1
859;2;2.1
860;2;2.1
861;2;2.1
862;2;2.1
863;2;2.1
864;2;2.1
865;2;2.1
866;2;2.1
867;2;2.1
868;2;2.1
869;3;2.15
870;2;2.1
871;2;2.1
872;2;2.1
873;2;2.1
874;2;2.1
875;2;2.1
876;2;2.1
877;2;2.1
878;2;2.1
879;2;2.1
880;3;2.15
881;2;2.1
882;2;2.1
883;2;2.1
884;2;2.1
885;2;2.1
886;2;2.1
887;2;2.1
888;2;2.1
889;3;2.15
890;2;2.1
891;2;2.1
892;2;2.1
893;2;2.1
894;2;2.1
895;2;2.1
896;2;2.1
897;2;2.1
898;2;2.1
899;2;2.1
900;2;2.1
901;2;2.1
902;2;2.1
903;3;2.2
904;2;2.1
905;2;2.1
906;2;2.1
907;2;2.1
908;2;2.1
909;2;2.1
910;2;2.1
911;2;2.1
912;3;2.15
913;2;2.1
914;2;2.1
915;2;2.1
916;2;2.1
917;2;2.1
918;2;2.1
919;2;2.1
920;2;2.1
921;2;2.1
922;2;2.1
923;2;2.1
924;2;2.1
925;2;2.1
926;2;2.1
927;2;2.1
928;2;2.1
929;2;2.1
930;2;2.1
931;2;2.1
932;2;2.1
933;2;2.1
934;2;2.1
935;2;2.1
936;2;2.1
937;2;2.1
938;2;2.1
939;2;2.1
940;2;2.1
941;2;2.1
942;2;2.1
943;2;2.1
944;2;2.1
945;3;2.15
946;3;2.15
947;2;2.1
948;2;2.1
949;2;2.1
950;2;2.1
951;2;2.1
952;2;2.1
953;2;2.1
954;2;2.1
955;2;2.1
956;2;2.1
957;2;2.1
958;2;2.1
959;2;2.1
960;2;2.1
961;2;2.1
962;2;2.1
963;2;2.1
964;2;2.1
965;2;2.1
966;2;2.1
967;2;2.1
968;2;2.1
969;2;2.1
970;2;2.1
971;2;2.1
972;2;2.1
973;2;2.1
974;2;2.1
975;2;2.1
976;2;2.1
977;2;2.1
978;2;2.1
979;2;2.1
980;2;2.1
981;2;2.1
982;2;2.1
983;2;2.1
984;2;2.1
985;2;2.1
986;2;2.1
987;3;2.15
988;2;2.1
989;2;2.1
990;2;2.1
991;2;2.1
992;2;2.1
993;2;2.1
994;2;2.1
995;2;2.1
996;2;2.1
997;2;2.1
998;2;2.1
999;2;2.1
1000;2;2.1
1001;2;2.1
1002;2;2.1
1003;2;2.1
1004;2;2.1
1005;2;2.1
1006;2;2.1
1007;2;2.1
1008;2;2.1
1009;2;2.1
1010;2;2.1
1011;2;2.1
1012;2;2.1
1013;2;2.1
1014;3;2.15
1015;2;2.1
1016;2;2.1
1017;2;2.1
1018;2;2.1
1019;2;2.1
1020;3;2.15
1021;2;2.1
1022;2;2.1
1023;2;2.1
1024;2;2.1
1025;2;2.1
1026;2;2.1
1027;2;2.1
1028;2;2.1
1029;2;2.1
1030;2;2.1
1031;2;2.1
1032;2;2.1
1033;2;2.1
1034;3;2.15
1035;2;2.1
1036;2;2.1
1037;2;2.1
1038;2;2.1
1039;2;2.1
1040;2;2.1
1041;2;2.1
1042;2;2.1
1043;2;2.1
1044;2;2.1
1045;2;2.1
1046;2;2.1
1047;3;2.15
1048;2;2.1
1049;2;2.1
1050;2;2.1
1051;2;2.1
1052;2;2.1
1053;2;2.1
1054;2;2.1
1055;2;2.1
1056;2;2.1
1057;2;2.1
1058;2;2.1
1059;2;2.1
1060;2;2.1
1061;2;2.1
1062;2;2.1
1063;2;2.1
1064;2;2.1
1065;2;2.1
1066;2;2.1
1067;2;2.1
1068;2;2.1
1069;2;2.1
1070;2;2.1
1071;2;2.1
1072;2;2.1
1073;2;2.1
1074;2;2.1
1075;2;2.1
1076;2;2.1
1077;2;2.1
1078;2;2.1
1079;2;2.1
1080;2;2.1
1081;2;2.1
1082;2;2.1
1083;2;2.1
1084;2;2.1
1085;2;2.1
1086;2;2.1
1087;2;2.1
1088;2;2.1
1089;2;2.1
1090;2;2.1
1091;2;2.1
1092;2;2.1
1093;2;2.1
1094;2;2.1
1095;2;2.1
1096;2;2.1
1097;2;2.1
1098;2;2.1
1099;3;2.2
1100;2;2.1
1101;2;2.1
1102;2;2.1
1103;2;2.1
1104;2;2.1
1105;2;2.1
1106;2;2.1
1107;2;2.1
1108;2;2.1
1109;2;2.1
1110;2;2.1
1111;2;2.1
1112;2;2.1
1113;2;2.1
1114;2;2.1
1115;2;2.1
1116;2;2.1
1117;2;2.1
1118;2;2.1
1119;2;2.1
1120;2;2.1
1121;2;2.1
1122;2;2.1
1123;2;2.1
1124;2;2.1
1125;3;2.15
1126;2;2.1
1127;2;2.1
1128;2;2.1
1129;2;2.1
1130;2;2.1
1131;2;2.1
1132;2;2.1
1133;2;2.1
1134;2;2.1
1135;2;2.1
1136;2;2.1
1137;2;2.1
1138;2;2.1
1139;2;2.1
1140;2;2.1
1141;2;2.1
1142;2;2.1
1143;2;2.1
1144;2;2.1
1145;2;2.1
1146;2;2.1
1147;2;2.1
1148;2;2.1
1149;2;2.1
1150;2;2.1
1151;2;2.1
1152;2;2.1
1153;2;2.1
1154;2;2.1
1155;2;2.1
1156;2;2.1
1157;2;2.1
1158;2;2.1
1159;2;2.1
1160;2;2.1
1161;2;2.1
1162;2;2.1
1163;3;2.2
1164;2;2.1
1165;2;2.1
1166;2;2.1
1167;2;2.1
1168;2;2.1
1169;2;2.1
1170;2;2.1
1171;2;2.1
1172;2;2.1
1173;4;2.2
1174;2;2.1
1175;2;2.1
1176;2;2.1
1177;3;2.15
1178;2;2.1
1179;2;2.1
1180;2;2.1
1181;2;2.1
1182;2;2.1
1183;2;2.1
1184;2;2.1
1185;2;2.1
1186;2;2.1
1187;2;2.1
1188;2;2.1
1189;2;2.1
1190;2;2.1
1191;2;2.1
1192;2;2.1
1193;2;2.1
1194;2;2.1
1195;2;2.1
1196;2;2.1
1197;2;2.1
1198;2;2.1
1199;2;2.1
1200;2;2.1
1201;2;2.1
1202;2;2.1
1203;2;2.1
1204;2;2.1
1205;2;2.1
1206;2;2.1
1207;2;2.1
1208;2;2.1
1209;2;2.1
1210;2;2.1
1211;2;2.1
1212;2;2.1
1213;2;2.1
1214;2;2.1
1215;2;2.1
1216;2;2.1
1217;2;2.1
1218;2;2.1
1219;2;2.1
1220;2;2.1
1221;2;2.1
1222;2;2.1
1223;2;2.1
1224;2;2.1
1225;3;2.15
1226;2;2.1
1227;2;2.1
1228;2;2.1
1229;2;2.1
1230;2;2.1
1231;2;2.1
1232;3;2.15
1233;2;2.1
1234;2;2.1
1235;2;2.1
1236;2;2.1
1237;2;2.1
1238;2;2.1
1239;2;2.1
1240;2;2.1
1241;2;2.1
1242;2;2.1
1243;2;2.1
1244;2;2.1
1245;2;2.1
1246;2;2.1
1247;2;2.1
1248;2;2.1
1249;2;2.1
1250;3;2.15
1251;2;2.1
1252;2;2.1
1253;2;2.1
1254;2;2.1
1255;2;2.1
1256;2;2.1
1257;2;2.1
1258;2;2.1
1259;2;2.1
1260;2;2.1
1261;2;2.1
1262;2;2.1
1263;2;2.1
1264;2;2.1
1265;2;2.1
1266;2;2.1
1267;2;2.1
1268;2;2.1
1269;2;2.1
1270;2;2.1
1271;2;2.1
1272;2;2.1
1273;2;2.1
1274;2;2.1
1275;2;2.1
1276;2;2.1
1277;2;2.1
1278;2;2.1
1279;2;2.1
1280;2;2.1
1281;2;2.1
1282;2;2.1
1283;2;2.1
1284;2;2.1
1285;2;2.1
1286;2;2.1
1287;2;2.1
1288;2;2.1
1289;2;2.1
1290;2;2.1
1291;2;2.1
1292;2;2.1
1293;2;2.1
1294;2;2.1
1295;2;2.1
1296;2;2.1
1297;2;2.1
1298;2;2.1
1299;2;2.1
1300;2;2.1
1301;2;2.1
1302;2;2.1
1303;2;2.1
1304;2;2.1
1305;2;2.1
1306;2;2.1
1307;2;2.1
1308;2;2.1
1309;2;2.1
1310;3;2.15
1311;2;2.1
1312;2;2.1
1313;2;2.1
1314;2;2.1
1315;2;2.1
1316;2;2.1
1317;2;2.1
1318;2;2.1
1319;2;2.1
1320;2;2.1
1321;2;2.1
1322;2;2.1
1323;2;2.1
1324;2;2.1
1325;2;2.1
1326;2;2.1
1327;2;2.1
1328;2;2.1
1329;2;2.1
1330;2;2.1
1331;2;2.1
1332;2;2.1
1333;2;2.1
1334;2;2.1
1335;2;2.1
1336;2;2.1
1337;2;2.1
1338;2;2.1
1339;2;2.1
1340;2;2.1
1341;2;2.1
1342;2;2.1
1343;2;2.1
1344;2;2.1
1345;2;2.1
1346;2;2.1
1347;2;2.1
1348;2;2.1
1349;2;2.1
1350;2;2.1
1351;2;2.1
1352;2;2.1
1353;2;2.1
1354;2;2.1
1355;2;2.1
1356;2;2.1
1357;2;2.1
1358;2;2.1
1359;2;2.1
1360;2;2.1
1361;2;2.1
1362;2;2.1
1363;2;2.1
1364;2;2.1
1365;2;2.1
1366;3;2.15
1367;2;2.1
1368;2;2.1
1369;2;2.1
1370;2;2.1
1371;2;2.1
1372;2;2.1
1373;2;2.1
1374;2;2.1
1375;2;2.1
1376;2;2.1
1377;2;2.1
1378;2;2.1
1379;2;2.1
1380;2;2.1
1381;2;2.1
1382;2;2.1
1383;3;2.15
1384;2;2.1
1385;3;2.15
1386;3;2.15
1387;3;2.15
1388;2;2.1
1389;2;2.1
1390;3;2.15
1391;3;2.15
1392;3;2.2
1393;2;2.1
1394;3;2.15
1395;2;2.1
1396;2;2.1
1397;2;2.1
1398;2;2.1
1399;2;2.1
1400;2;2.1
1401;2;2.1
1402;2;2.1
1403;2;2.1
1404;2;2.1
1405;2;2.1
1406;2;2.1
1407;2;2.1
1408;2;2.1
1409;2;2.1
1410;2;2.1
1411;3;2.15
1412;2;2.1
1413;2;2.1
1414;2;2.1
1415;2;2.1
1416;2;2.1
1417;2;2.1
1418;2;2.1
1419;2;2.1
1420;2;2.1
1421;2;2.1
1422;2;2.1
1423;2;2.1
1424;2;2.1
1425;2;2.1
1426;2;2.1
1427;3;2.15
1428;2;2.1
1429;2;2.1
1430;2;2.1
1431;2;2.1
1432;2;2.1
1433;3;2.15
1434;2;2.1
1435;2;2.1
1436;2;2.1
1437;2;2.1
1438;2;2.1
1439;2;2.1
1440;2;2.1
1441;3;2.15
1442;3;2.15
1443;2;2.1
1444;2;2.1
1445;2;2.1
1446;2;2.1
1447;3;2.15
1448;2;2.1
1449;2;2.1
1450;2;2.1
1451;2;2.1
1452;2;2.1
1453;2;2.1
1454;2;2.1
1455;2;2.1
1456;2;2.1
1457;2;2.1
1458;2;2.1
1459;2;2.1
1460;2;2.1
1461;2;2.1
1462;2;2.1
1463;2;2.1
1464;2;2.1
1465;2;2.1
1466;2;2.1
1467;2;2.1
1468;2;2.1
1469;2;2.1
1470;2;2.1
1471;2;2.1
1472;2;2.1
1473;2;2.1
1474;2;2.1
1475;2;2.1
1476;2;2.1
1477;2;2.1
1478;2;2.1
1479;2;2.1
1480;3;2.15
1481;2;2.1
1482;2;2.1
1483;2;2.1
1484;2;2.1
1485;2;2.1
1486;2;2.1
1487;2;2.1
1488;2;2.1
1489;2;2.1
1490;2;2.1
1491;2;2.1
1492;2;2.1
1493;2;2.1
1494;2;2.1
1495;2;2.1
1496;2;2.1
1497;2;2.1
1498;2;2.1
1499;2;2.1
1500;2;2.1
1501;2;2.1
1502;2;2.1
1503;2;2.1
1504;2;2.1
1505;2;2.1
1506;2;2.1
1507;2;2.1
1508;2;2.1
1509;3;2.15
1510;3;2.2
1511;2;2.1
1512;2;2.1
1513;2;2.1
1514;2;2.1
1515;2;2.1
1516;3;2.15
1517;2;2.1
1518;2;2.1
1519;2;2.1
1520;2;2.1
1521;2;2.1
1522;2;2.1
1523;2;2.1
1524;3;2.15
1525;4;2.2
1526;2;2.1
1527;3;2.15
1528;2;2.1
1529;2;2.1
1530;2;2.1
1531;2;2.1
1532;2;2.1
1533;2;2.1
1534;3;2.15
1535;3;2.15
1536;2;2.1
1537;2;2.1
1538;3;2.15
1539;2;2.1
1540;3;2.15
1541;3;2.15
1542;3;2.15
1543;2;2.1
1544;2;2.1
1545;2;2.1
1546;2;2.1
1547;2;2.1
1548;2;2.1
1549;2;2.1
1550;2;2.1
1551;2;2.1
1552;2;2.1
1553;2;2.1
1554;2;2.1
1555;2;2.1
1556;2;2.1
1557;2;2.1
1558;2;2.1
1559;2;2.1
1560;2;2.1
1561;2;2.1
1562;2;2.1
1563;2;2.1
1564;2;2.1
1565;2;2.1
1566;2;2.1
1567;3;2.15
1568;2;2.1
1569;3;2.15
1570;2;2.1
1571;2;2.1
1572;2;2.1
1573;2;2.1
1574;2;2.1
1575;2;2.1
1576;2;2.1
1577;2;2.1
1578;2;2.1
1579;2;2.1
1580;2;2.1
1581;2;2.1
1582;2;2.1
1583;2;2.1
1584;2;2.1
1585;3;2.15
1586;3;2.15
1587;2;2.1
1588;4;2.2
1589;2;2.1
1590;2;2.1
1591;2;2.1
1592;2;2.1
1593;2;2.1
1594;2;2.1
1595;2;2.1
1596;2;2.1
1597;3;2.15
1598;2;2.1
1599;2;2.1
1600;2;2.1
1601;2;2.1
1602;2;2.1
1603;3;2.15
1604;2;2.1
1605;2;2.1
1606;2;2.1
1607;2;2.1
1608;2;2.1
1609;2;2.1
1610;2;2.1
1611;2;2.1
1612;2;2.1
1613;2;2.1
1614;2;2.1
1615;2;2.1
1616;2;2.1
1617;2;2.1
1618;2;2.1
1619;2;2.1
1620;2;2.1
1621;2;2.1
1622;2;2.1
1623;2;2.1
1624;3;2.15
1625;2;2.1
1626;3;2.15
1627;2;2.1
1628;3;2.15
1629;2;2.1
1630;2;2.1
1631;3;2.15
1632;2;2.1
1633;2;2.1
1634;2;2.1
1635;2;2.1
1636;2;2.1
1637;2;2.1
1638;2;2.1
1639;2;2.1
1640;2;2.1
1641;2;2.1
1642;2;2.1
1643;2;2.1
1644;3;2.15
1645;2;2.1
1646;2;2.1
1647;2;2.1
1648;2;2.1
1649;2;2.1
1650;2;2.1
1651;2;2.1
1652;2;2.1
1653;2;2.1
1654;2;2.1
1655;2;2.1
1656;2;2.1
1657;2;2.1
1658;2;2.1
1659;2;2.1
1660;2;2.1
1661;2;2.1
1662;3;2.15
1663;2;2.1
1664;2;2.1
1665;2;2.1
1666;2;2.1
1667;2;2.1
1668;2;2.1
1669;2;2.1
1670;2;2.1
1671;2;2.1
1672;2;2.1
1673;2;2.1
1674;2;2.1
1675;2;2.1
1676;2;2.1
1677;2;2.1
1678;2;2.1
1679;2;2.1
1680;2;2.1
1681;2;2.1
1682;4;2.25
1683;3;2.15
1684;2;2.1
1685;2;2.1
1686;2;2.1
1687;2;2.1
1688;2;2.1
1689;3;2.15
1690;2;2.1
1691;2;2.1
1692;2;2.1
1693;2;2.1
1694;2;2.1
1695;2;2.1
1696;2;2.1
1697;2;2.1
1698;2;2.1
1699;2;2.1
1700;2;2.1
1701;2;2.1
1702;2;2.1
1703;2;2.1
1704;3;2.15
1705;2;2.1
1706;3;2.15
1707;2;2.1
1708;2;2.1
1709;2;2.1
1710;2;2.1
1711;2;2.1
1712;2;2.1
1713;2;2.1
1714;2;2.1
1715;2;2.1
1716;2;2.1
1717;2;2.1
1718;2;2.1
1719;2;2.1
1720;2;2.1
1721;2;2.1
1722;2;2.1
1723;3;2.15
1724;2;2.1
1725;2;2.1
1726;2;2.1
1727;2;2.1
1728;2;2.1
1729;2;2.1
1730;2;2.1
1731;2;2.1
1732;3;2.15
1733;2;2.1
1734;3;2.15
1735;2;2.1
1736;2;2.1
1737;2;2.1
1738;2;2.1
1739;2;2.1
1740;2;2.1
1741;2;2.1
1742;2;2.1
1743;2;2.1
1744;2;2.1
1745;2;2.1
1746;2;2.1
1747;2;2.1
1748;2;2.1
1749;2;2.1
1750;2;2.1
1751;3;2.15
1752;2;2.1
1753;2;2.1
1754;4;2.25
1755;2;2.1
1756;3;2.15
1757;3;2.15
1758;2;2.1
1759;2;2.1
1760;2;2.1
1761;3;2.15
1762;2;2.1
1763;2;2.1
1764;2;2.1
1765;2;2.1
1766;2;2.1
1767;2;2.1
1768;2;2.1
1769;2;2.1
1770;2;2.1
1771;2;2.1
1772;2;2.1
1773;2;2.1
1774;2;2.1
1775;3;2.15
1776;2;2.1
1777;2;2.1
1778;2;2.1
1779;2;2.1
1780;2;2.1
1781;2;2.1
1782;3;2.15
1783;2;2.1
1784;2;2.1
1785;2;2.1
1786;2;2.1
1787;2;2.1
1788;2;2.1
1789;2;2.1
1790;2;2.1
1791;2;2.1
1792;2;2.1
1793;2;2.1
1794;2;2.1
1795;2;2.1
1796;2;2.1
1797;2;2.1
1798;4;2.2
1799;2;2.1
1800;2;2.1
1801;2;2.1
1802;2;2.1
1803;2;2.1
1804;2;2.1
1805;2;2.1
1806;2;2.1
1807;2;2.1
1808;2;2.1
1809;2;2.1
1810;2;2.1
1811;2;2.1
1812;2;2.1
1813;3;2.15
1814;3;2.15
1815;2;2.1
1816;3;2.15
1817;4;2.2
1818;2;2.1
1819;2;2.1
1820;2;2.1
1821;2;2.1
1822;2;2.1
1823;2;2.1
1824;2;2.1
1825;2;2.1
1826;3;2.15
1827;2;2.1
1828;2;2.1
1829;2;2.1
1830;2;2.1
1831;2;2.1
1832;2;2.1
1833;2;2.1
1834;2;2.1
1835;3;2.15
1836;2;2.1
1837;2;2.1
1838;2;2.1
1839;2;2.1
1840;2;2.1
1841;3;2.15
1842;3;2.15
1843;2;2.1
1844;3;2.15
1845;2;2.1
1846;2;2.1
1847;2;2.1
1848;2;2.1
1849;2;2.1
1850;3;2.15
1851;2;2.1
1852;2;2.1
1853;4;2.2
1854;2;2.1
1855;4;2.2
1856;2;2.1
1857;3;2.15
1858;2;2.1
1859;2;2.1
1860;2;2.1
1861;2;2.1
1862;2;2.1
1863;2;2.1
1864;2;2.1
1865;2;2.1
1866;2;2.1
1867;2;2.1
1868;2;2.1
1869;2;2.1
1870;2;2.1
1871;2;2.1
1872;2;2.1
1873;2;2.1
1874;2;2.1
1875;2;2.1
1876;2;2.1
1877;2;2.1
1878;2;2.1
1879;2;2.1
1880;2;2.1
1881;2;2.1
1882;2;2.1
1883;2;2.1
1884;2;2.1
1885;2;2.1
1886;2;2.1
1887;3;2.15
1888;3;2.15
1889;2;2.1
1890;3;2.15
1891;2;2.1
1892;2;2.1
1893;2;2.1
1894;2;2.1
1895;2;2.1
1896;2;2.1
1897;2;2.1
1898;2;2.1
1899;3;2.15
1900;2;2.1
1901;2;2.1
1902;2;2.1
1903;2;2.1
1904;2;2.1
1905;2;2.1
1906;2;2.1
1907;2;2.1
1908;2;2.1
1909;2;2.1
1910;2;2.1
1911;2;2.1
1912;2;2.1
1913;2;2.1
1914;2;2.1
1915;2;2.1
1916;2;2.1
1917;2;2.1
1918;2;2.1
1919;2;2.1
1920;3;2.15
1921;2;2.1
1922;2;2.1
1923;2;2.1
1924;2;2.1
1925;2;2.1
1926;2;2.1
1927;2;2.1
1928;2;2.1
1929;2;2.1
1930;2;2.1
1931;2;2.1
1932;2;2.1
1933;2;2.1
1934;2;2.1
1935;2;2.1
1936;3;2.15
1937;2;2.1
1938;3;2.15
1939;3;2.15
1940;2;2.1
1941;3;2.15
1942;2;2.1
1943;2;2.1
1944;2;2.1
1945;2;2.1
1946;2;2.1
1947;2;2.1
1948;2;2.1
1949;2;2.1
1950;2;2.1
1951;2;2.1
1952;2;2.1
1953;2;2.1
1954;2;2.1
1955;2;2.1
1956;2;2.1
1957;2;2.1
1958;2;2.1
1959;2;2.1
1960;2;2.1
1961;2;2.1
1962;2;2.1
1963;2;2.1
1964;3;2.15
1965;2;2.1
1966;2;2.1
1967;2;2.1
1968;2;2.1
1969;2;2.1
1970;2;2.1
1971;2;2.1
1972;2;2.1
1973;2;2.1
1974;2;2.1
1975;2;2.1
1976;2;2.1
1977;3;2.15
1978;2;2.1
1979;2;2.1
1980;2;2.1
1981;2;2.1
1982;2;2.1
1983;2;2.1
1984;2;2.1
1985;2;2.1
1986;2;2.1
1987;2;2.1
1988;2;2.1
1989;2;2.1
1990;2;2.1
1991;2;2.1
1992;2;2.1
1993;2;2.1
1994;3;2.15
1995;2;2.1
1996;2;2.1
1997;2;2.1
1998;3;2.15
1999;4;2.25
2000;3;2.15
Meranie: 16
0;2;1.5
1;2;1.75
2;2;1.65
3;3;1.7
4;2;1.55
5;4;1.8
6;3;1.9
7;3;1.8
8;3;1.95
9;3;1.95
10;2;2.05
11;2;2.1
12;2;2.1
13;3;2.15
14;2;2.1
15;2;2.1
16;2;2.1
17;2;2.1
18;3;2.15
19;4;2.25
20;2;2.1
21;3;2.2
22;3;2.2
23;3;2.15
24;2;2.1
25;4;2.25
26;3;2.15
27;3;2.2
28;3;2.3
29;3;2.15
30;4;2.2
31;3;2.15
32;3;2.15
33;3;2.25
34;2;2.1
35;2;2.1
36;3;2.25
37;3;2.15
38;2;2.1
39;3;2.2
40;2;2.1
41;3;2.2
42;4;2.3
43;3;2.2
44;3;2.15
45;3;2.3
46;3;2.3
47;3;2.15
48;3;2.3
49;3;2.35
50;3;2.25
51;3;2.25
52;3;2.2
53;2;2.1
54;3;2.2
55;3;2.15
56;3;2.3
57;3;2.15
58;3;2.2
59;3;2.25
60;3;2.35
61;3;2.4
62;3;2.3
63;4;2.45
64;3;2.3
65;3;2.4
66;4;2.45
67;4;2.45
68;3;2.2
69;3;2.4
70;3;2.3
71;4;2.25
72;4;2.5
73;4;2.35
74;3;2.4
75;3;2.4
76;4;2.6
77;3;2.25
78;3;2.25
79;3;2.45
80;4;2.45
81;3;2.4
82;3;2.25
83;4;2.3
84;3;2.45
85;4;2.25
86;3;2.35
87;3;2.5
88;3;2.4
89;3;2.2
90;3;2.3
91;3;2.2
92;4;2.3
93;3;2.25
94;3;2.3
95;4;2.35
96;4;2.45
97;3;2.65
98;3;2.5
99;3;2.45
100;3;2.5
101;4;2.4
102;3;2.2
103;4;2.5
Meranie: 17
0;2;1.65
1;2;1.55
2;3;1.8
3;3;1.6
4;3;1.65
5;3;1.85
6;2;2.1
7;2;2.0
8;2;1.85
9;2;2.1
10;2;2.1
11;2;2.1
12;2;2.05
13;2;2.05
14;2;2.1
15;3;2.15
16;3;2.15
17;2;2.1
18;2;2.1
19;3;2.15
20;2;2.1
21;2;2.1
22;2;2.1
23;2;2.1
24;2;2.1
25;3;2.15
26;2;2.1
27;2;2.1
28;3;2.15
29;2;2.1
30;3;2.15
31;2;2.1
32;3;2.15
33;2;2.1
34;2;2.1
35;3;2.15
36;2;2.1
37;3;2.2
38;3;2.2
39;2;2.1
40;2;2.1
41;2;2.1
42;3;2.25
43;2;2.1
44;2;2.1
45;2;2.1
46;2;2.1
47;3;2.15
48;3;2.15
49;2;2.1
50;2;2.1
51;3;2.2
52;3;2.15
53;2;2.1
54;2;2.1
55;3;2.15
56;3;2.15
57;3;2.15
58;2;2.1
59;3;2.15
60;2;2.1
61;3;2.15
62;3;2.15
63;3;2.15
64;3;2.15
65;3;2.2
66;3;2.15
67;3;2.15
68;2;2.1
69;3;2.15
70;2;2.1
71;2;2.1
72;2;2.1
73;3;2.15
74;3;2.15
75;3;2.2
76;3;2.2
77;3;2.2
78;3;2.25
79;3;2.35
80;3;2.3
81;3;2.25
82;3;2.2
83;3;2.25
84;3;2.2
85;3;2.2
86;3;2.4
87;3;2.35
88;3;2.35
89;3;2.6
90;3;2.4
91;3;2.65
92;3;2.9
93;3;3.05
94;3;3.15
95;3;3.15
96;3;3.15
97;3;3.15
98;3;3.15
99;3;3.15
100;3;3.15
101;3;3.15
102;3;3.15
103;3;3.15
104;3;3.15
105;3;3.15
106;3;3.15
107;3;3.15
108;3;3.15
109;3;3.15
110;3;3.15
111;3;3.15
112;3;3.15
113;4;3.2
114;3;3.15
115;3;3.15
116;3;3.15
117;3;3.15
118;3;3.15
119;3;3.15
120;3;3.15
121;3;3.15
122;3;3.15
123;3;3.15
124;3;3.15
125;3;3.15
126;3;3.15
127;3;3.15
128;3;3.15
129;3;3.15
130;3;3.15
131;3;3.15
132;3;3.15
133;3;3.15
134;3;3.15
135;3;3.15
136;3;3.15
137;3;3.15
138;3;3.15
139;3;3.15
140;3;3.15
141;4;3.2
142;3;3.15
143;3;3.15
144;3;3.15
145;3;3.15
146;3;3.15
147;3;3.15
148;3;3.15
149;3;3.15
150;3;3.15
151;3;3.15
152;3;3.15
153;3;3.15
154;3;3.15
155;3;3.15
156;3;3.15
157;3;3.15
158;3;3.15
159;3;3.15
160;3;3.15
161;3;3.15
162;3;3.15
163;3;3.15
164;4;3.2
165;3;3.15
166;3;3.15
167;4;3.2
Meranie: 18
0;3;1.45
1;2;1.55
2;2;2.0
3;2;1.75
4;2;2.05
5;2;2.1
6;2;2.1
7;2;2.1
8;2;2.1
9;3;2.15
10;2;2.1
11;3;2.15
12;3;2.15
13;2;2.1
14;3;2.15
15;3;2.15
16;4;2.2
17;2;2.1
18;3;2.15
19;2;2.1
20;2;2.1
21;2;2.1
22;2;2.1
23;2;2.1
24;3;2.15
25;2;2.1
26;3;2.15
27;2;2.1
28;2;2.1
29;3;2.15
30;3;2.15
31;2;2.1
32;2;2.1
33;2;2.1
34;2;2.1
35;2;2.1
36;2;2.1
37;2;2.1
38;3;2.15
39;2;2.1
40;2;2.1
41;2;2.1
42;2;2.1
43;3;2.15
44;3;2.2
45;3;2.15
46;2;2.1
47;2;2.1
48;2;2.1
49;2;2.1
50;2;2.1
51;2;2.1
52;3;2.15
53;3;2.2
54;3;2.15
55;3;2.15
56;3;2.15
57;3;2.15
58;2;2.1
59;2;2.1
60;2;2.1
61;4;2.3
62;3;2.2
63;3;2.15
64;2;2.1
65;3;2.15
66;2;2.1
67;3;2.15
68;2;2.1
69;2;2.1
70;3;2.15
71;2;2.1
72;2;2.1
73;2;2.1
74;2;2.1
75;3;2.15
76;3;2.2
77;2;2.1
78;3;2.15
79;2;2.1
80;3;2.15
81;2;2.1
82;2;2.1
83;2;2.1
84;2;2.1
85;2;2.1
86;2;2.1
87;3;2.15
88;2;2.1
89;3;2.2
90;2;2.1
91;2;2.1
92;3;2.2
93;2;2.1
94;2;2.1
95;2;2.1
96;2;2.1
97;2;2.1
98;2;2.1
99;2;2.1
100;2;2.1
101;2;2.1
102;2;2.1
103;2;2.1
104;2;2.1
105;2;2.1
106;2;2.1
107;2;2.1
108;2;2.1
109;2;2.1
110;2;2.1
111;2;2.1
112;2;2.1
113;2;2.1
114;2;2.1
115;3;2.15
116;2;2.1
117;2;2.1
118;2;2.1
119;2;2.1
120;2;2.1
121;2;2.1
122;2;2.1
123;3;2.15
124;2;2.1
125;3;2.15
126;2;2.1
127;2;2.1
128;2;2.1
129;3;2.15
130;2;2.1
131;2;2.1
132;2;2.1
133;2;2.1
134;3;2.15
135;3;2.15
136;2;2.1
137;2;2.1
138;2;2.1
139;4;2.2
140;2;2.1
141;2;2.1
142;2;2.1
143;2;2.1
144;2;2.1
145;2;2.1
146;2;2.1
147;2;2.1
148;2;2.1
149;2;2.1
150;2;2.1
151;2;2.1
152;2;2.1
153;3;2.15
154;2;2.1
155;2;2.1
156;2;2.1
157;2;2.1
158;2;2.1
159;2;2.1
160;3;2.15
161;2;2.1
162;4;2.2
163;2;2.1
164;2;2.1
165;2;2.1
166;2;2.1
167;2;2.1
168;2;2.1
169;2;2.1
170;2;2.1
171;2;2.1
172;2;2.1
173;2;2.1
174;2;2.1
175;2;2.1
176;2;2.1
177;2;2.1
178;2;2.1
179;2;2.1
180;2;2.1
181;2;2.1
182;3;2.15
183;4;2.2
184;2;2.1
185;2;2.1
186;2;2.1
187;2;2.1
188;2;2.1
189;2;2.1
190;2;2.1
191;2;2.1
192;2;2.1
193;3;2.2
194;3;2.15
195;2;2.1
196;2;2.1
197;2;2.1
198;2;2.1
199;2;2.1
200;2;2.1
201;2;2.1
202;2;2.1
203;2;2.1
204;2;2.1
205;2;2.1
206;3;2.2
207;2;2.1
208;2;2.1
209;2;2.1
210;2;2.1
211;3;2.15
212;4;2.2
213;2;2.1
214;2;2.1
215;2;2.1
216;2;2.1
217;2;2.1
218;2;2.1
219;2;2.1
220;2;2.1
221;2;2.1
222;3;2.15
223;2;2.1
224;2;2.1
225;2;2.1
226;2;2.1
227;2;2.1
228;2;2.1
229;4;2.2
230;2;2.1
231;2;2.1
232;2;2.1
233;2;2.1
234;2;2.1
235;2;2.1
236;2;2.1
237;2;2.1
238;2;2.1
239;2;2.1
240;2;2.1
241;2;2.1
242;2;2.1
243;2;2.1
244;2;2.1
245;2;2.1
246;2;2.1
247;2;2.1
248;2;2.1
249;2;2.1
250;2;2.1
251;2;2.1
252;2;2.1
253;2;2.1
254;2;2.1
255;2;2.1
256;2;2.1
257;3;2.15
258;2;2.1
259;2;2.1
260;2;2.1
261;2;2.1
262;2;2.1
263;2;2.1
264;2;2.1
265;3;2.15
266;2;2.1
267;2;2.1
268;2;2.1
269;2;2.1
270;2;2.1
271;2;2.1
272;2;2.1
273;2;2.1
274;2;2.1
275;2;2.1
276;2;2.1
277;2;2.1
278;2;2.1
279;2;2.1
280;2;2.1
281;2;2.1
282;2;2.1
283;2;2.1
284;2;2.1
285;2;2.1
286;2;2.1
287;2;2.1
288;2;2.1
289;2;2.1
290;2;2.1
291;2;2.1
292;2;2.1
293;2;2.1
294;2;2.1
295;2;2.1
296;2;2.1
297;2;2.1
298;2;2.1
299;2;2.1
300;2;2.1
301;2;2.1
302;2;2.1
303;3;2.15
304;2;2.1
305;2;2.1
306;2;2.1
307;3;2.15
308;2;2.1
309;3;2.15
310;2;2.1
311;2;2.1
312;2;2.1
313;2;2.1
314;2;2.1
315;2;2.1
316;2;2.1
317;2;2.1
318;2;2.1
319;2;2.1
320;2;2.1
321;2;2.1
322;2;2.1
323;2;2.1
324;2;2.1
325;2;2.1
326;2;2.1
327;2;2.1
328;2;2.1
329;2;2.1
330;2;2.1
331;2;2.1
332;2;2.1
333;2;2.1
334;3;2.15
335;2;2.1
336;3;2.15
337;2;2.1
338;3;2.15
339;2;2.1
340;2;2.1
341;2;2.1
342;2;2.1
343;2;2.1
344;2;2.1
345;2;2.1
346;2;2.1
347;2;2.1
348;2;2.1
349;3;2.15
350;2;2.1
351;3;2.15
352;2;2.1
353;2;2.1
354;2;2.1
355;2;2.1
356;4;2.2
357;3;2.15
358;2;2.1
359;3;2.15
360;2;2.1
361;3;2.15
362;2;2.1
363;2;2.1
364;2;2.1
365;2;2.1
366;4;2.2
367;2;2.1
368;2;2.1
369;2;2.1
370;3;2.15
371;2;2.1
372;2;2.1
373;2;2.1
374;2;2.1
375;2;2.1
376;2;2.1
377;2;2.1
378;2;2.1
379;3;2.15
380;2;2.1
381;2;2.1
382;3;2.15
383;3;2.15
384;2;2.1
385;2;2.1
386;2;2.1
387;3;2.15
388;2;2.1
389;3;2.15
390;2;2.1
391;2;2.1
392;2;2.1
393;3;2.15
394;3;2.15
395;3;2.15
396;2;2.1
397;2;2.1
398;2;2.1
399;2;2.1
400;2;2.1
401;2;2.1
402;2;2.1
403;3;2.15
404;2;2.1
405;2;2.1
406;3;2.2
407;3;2.15
408;2;2.1
409;2;2.1
410;2;2.1
411;3;2.15
412;4;2.2
413;3;2.15
414;2;2.1
415;2;2.1
416;2;2.1
417;2;2.1
418;2;2.1
419;2;2.1
420;2;2.1
421;2;2.1
422;2;2.1
423;2;2.1
424;2;2.1
425;2;2.1
426;2;2.1
427;2;2.1
428;2;2.1
429;2;2.1
430;2;2.1
431;2;2.1
432;2;2.1
433;2;2.1
434;3;2.15
435;2;2.1
436;2;2.1
437;2;2.1
438;2;2.1
439;2;2.1
440;2;2.1
441;2;2.1
442;2;2.1
443;2;2.1
444;2;2.1
445;2;2.1
446;2;2.1
447;2;2.1
448;2;2.1
449;2;2.1
450;3;2.15
451;2;2.1
452;3;2.15
453;2;2.1
454;2;2.1
455;2;2.1
456;4;2.25
457;3;2.15
458;3;2.15
459;3;2.15
460;2;2.1
461;2;2.1
462;2;2.1
463;3;2.15
464;3;2.15
465;2;2.1
466;3;2.15
467;2;2.1
468;4;2.2
469;3;2.2
470;2;2.1
471;2;2.1
472;2;2.1
473;2;2.1
474;3;2.2
475;2;2.1
476;2;2.1
477;3;2.15
478;2;2.1
479;2;2.1
480;3;2.15
481;2;2.1
482;2;2.1
483;2;2.1
484;2;2.1
485;2;2.1
486;2;2.1
487;2;2.1
488;2;2.1
489;2;2.1
490;2;2.1
491;2;2.1
492;2;2.1
493;2;2.1
494;2;2.1
495;2;2.1
496;2;2.1
497;2;2.1
498;3;2.2
499;2;2.1
500;2;2.1
501;2;2.1
502;2;2.1
503;2;2.1
504;2;2.1
505;2;2.1
506;2;2.1
507;2;2.1
508;2;2.1
509;2;2.1
510;2;2.1
511;3;2.15
512;2;2.1
513;2;2.1
514;2;2.1
515;2;2.1
516;2;2.1
517;2;2.1
518;2;2.1
519;3;2.2
520;2;2.1
521;2;2.1
522;2;2.1
523;2;2.1
524;3;2.15
525;2;2.1
526;2;2.1
527;2;2.1
528;2;2.1
529;2;2.1
530;2;2.1
531;2;2.1
532;2;2.1
533;2;2.1
534;2;2.1
535;2;2.1
536;2;2.1
537;2;2.1
538;4;2.2
539;2;2.1
540;2;2.1
541;2;2.1
542;2;2.1
543;2;2.1
544;2;2.1
545;2;2.1
546;2;2.1
547;2;2.1
548;2;2.1
549;2;2.1
550;2;2.1
551;2;2.1
552;3;2.15
553;2;2.1
554;2;2.1
555;2;2.1
556;2;2.1
557;2;2.1
558;2;2.1
559;2;2.1
560;2;2.1
561;2;2.1
562;2;2.1
563;2;2.1
564;2;2.1
565;2;2.1
566;2;2.1
567;2;2.1
568;2;2.1
569;2;2.1
570;2;2.1
571;2;2.1
572;2;2.1
573;2;2.1
574;2;2.1
575;2;2.1
576;2;2.1
577;2;2.1
578;2;2.1
579;2;2.1
580;2;2.1
581;2;2.1
582;2;2.1
583;2;2.1
584;2;2.1
585;2;2.1
586;2;2.1
587;2;2.1
588;2;2.1
589;2;2.1
590;2;2.1
591;2;2.1
592;2;2.1
593;4;2.2
594;2;2.1
595;2;2.1
596;2;2.1
597;2;2.1
598;2;2.1
599;2;2.1
600;2;2.1
601;3;2.15
602;2;2.1
603;2;2.1
604;2;2.1
605;2;2.1
606;2;2.1
607;2;2.1
608;2;2.1
609;2;2.1
610;2;2.1
611;2;2.1
612;2;2.1
613;2;2.1
614;2;2.1
615;2;2.1
616;2;2.1
617;2;2.1
618;2;2.1
619;2;2.1
620;2;2.1
621;2;2.1
622;2;2.1
623;2;2.1
624;2;2.1
625;2;2.1
626;2;2.1
627;2;2.1
628;3;2.15
629;2;2.1
630;3;2.15
631;2;2.1
632;2;2.1
633;2;2.1
634;2;2.1
635;2;2.1
636;2;2.1
637;2;2.1
638;2;2.1
639;2;2.1
640;2;2.1
641;2;2.1
642;2;2.1
643;2;2.1
644;3;2.15
645;2;2.1
646;2;2.1
647;2;2.1
648;2;2.1
649;2;2.1
650;2;2.1
651;2;2.1
652;2;2.1
653;2;2.1
654;2;2.1
655;2;2.1
656;2;2.1
657;2;2.1
658;2;2.1
659;2;2.1
660;2;2.1
661;2;2.1
662;2;2.1
663;2;2.1
664;2;2.1
665;2;2.1
666;2;2.1
667;2;2.1
668;2;2.1
669;2;2.1
670;2;2.1
671;2;2.1
672;2;2.1
673;2;2.1
674;2;2.1
675;2;2.1
676;2;2.1
677;2;2.1
678;2;2.1
679;2;2.1
680;2;2.1
681;2;2.1
682;2;2.1
683;2;2.1
684;2;2.1
685;2;2.1
686;2;2.1
687;2;2.1
688;2;2.1
689;2;2.1
690;2;2.1
691;2;2.1
692;2;2.1
693;2;2.1
694;2;2.1
695;2;2.1
696;2;2.1
697;2;2.1
698;2;2.1
699;2;2.1
700;2;2.1
701;2;2.1
702;2;2.1
703;2;2.1
704;2;2.1
705;3;2.15
706;2;2.1
707;2;2.1
708;2;2.1
709;2;2.1
710;2;2.1
711;2;2.1
712;2;2.1
713;2;2.1
714;2;2.1
715;2;2.1
716;2;2.1
717;2;2.1
718;2;2.1
719;2;2.1
720;2;2.1
721;2;2.1
722;3;2.15
723;2;2.1
724;2;2.1
725;2;2.1
726;3;2.15
727;2;2.1
728;2;2.1
729;2;2.1
730;2;2.1
731;2;2.1
732;2;2.1
733;2;2.1
734;2;2.1
735;2;2.1
736;2;2.1
737;2;2.1
738;2;2.1
739;2;2.1
740;2;2.1
741;2;2.1
742;2;2.1
743;2;2.1
744;2;2.1
745;2;2.1
746;2;2.1
747;2;2.1
748;2;2.1
749;2;2.1
750;2;2.1
751;2;2.1
752;2;2.1
753;2;2.1
754;2;2.1
755;2;2.1
756;2;2.1
757;2;2.1
758;2;2.1
759;2;2.1
760;2;2.1
761;2;2.1
762;2;2.1
763;2;2.1
764;2;2.1
765;2;2.1
766;2;2.1
767;2;2.1
768;2;2.1
769;2;2.1
770;2;2.1
771;2;2.1
772;2;2.1
773;2;2.1
774;2;2.1
775;2;2.1
776;3;2.15
777;2;2.1
778;2;2.1
779;2;2.1
780;2;2.1
781;2;2.1
782;2;2.1
783;3;2.15
784;3;2.15
785;3;2.15
786;2;2.1
787;2;2.1
788;2;2.1
789;2;2.1
790;2;2.1
791;2;2.1
792;2;2.1
793;2;2.1
794;2;2.1
795;2;2.1
796;2;2.1
797;2;2.1
798;2;2.1
799;2;2.1
800;2;2.1
801;2;2.1
802;2;2.1
803;2;2.1
804;2;2.1
805;2;2.1
806;3;2.15
807;2;2.1
808;2;2.1
809;2;2.1
810;2;2.1
811;2;2.1
812;3;2.15
813;3;2.15
814;2;2.1
815;2;2.1
816;2;2.1
817;3;2.2
818;2;2.1
819;2;2.1
820;2;2.1
821;2;2.1
822;2;2.1
823;2;2.1
824;2;2.1
825;2;2.1
826;2;2.1
827;2;2.1
828;2;2.1
829;2;2.1
830;2;2.1
831;2;2.1
832;2;2.1
833;2;2.1
834;2;2.1
835;2;2.1
836;2;2.1
837;2;2.1
838;2;2.1
839;2;2.1
840;2;2.1
841;2;2.1
842;2;2.1
843;2;2.1
844;2;2.1
845;4;2.2
846;2;2.1
847;3;2.15
848;2;2.1
849;2;2.1
850;2;2.1
851;2;2.1
852;2;2.1
853;3;2.15
854;2;2.1
855;3;2.15
856;2;2.1
857;3;2.15
858;3;2.15
859;4;2.25
860;3;2.25
861;3;2.2
862;3;2.15
863;3;2.15
864;4;2.2
865;3;2.15
866;3;2.15
867;4;2.3
868;2;2.1
869;2;2.1
870;3;2.15
871;3;2.15
872;2;2.1
873;2;2.1
874;4;2.2
875;2;2.1
876;2;2.1
877;2;2.1
878;2;2.1
879;2;2.1
880;2;2.1
881;2;2.1
882;2;2.1
883;2;2.1
884;2;2.1
885;2;2.1
886;2;2.1
887;2;2.1
888;2;2.1
889;2;2.1
890;2;2.1
891;2;2.1
892;3;2.15
893;2;2.1
894;3;2.15
895;4;2.2
896;2;2.1
897;3;2.15
898;2;2.1
899;3;2.2
900;2;2.1
901;3;2.15
902;2;2.1
903;2;2.1
904;2;2.1
905;2;2.1
906;2;2.1
907;2;2.1
908;2;2.1
909;2;2.1
910;2;2.1
911;2;2.1
912;2;2.1
913;2;2.1
914;2;2.1
915;2;2.1
916;2;2.1
917;2;2.1
918;2;2.1
919;2;2.1
920;2;2.1
921;2;2.1
922;2;2.1
923;2;2.1
924;2;2.1
925;2;2.1
926;2;2.1
927;2;2.1
928;3;2.15
929;3;2.15
930;2;2.1
931;2;2.1
932;2;2.1
933;2;2.1
934;2;2.1
935;2;2.1
936;2;2.1
937;2;2.1
938;2;2.1
939;2;2.1
940;2;2.1
941;2;2.1
942;2;2.1
943;2;2.1
944;2;2.1
945;2;2.1
946;2;2.1
947;2;2.1
948;2;2.1
949;2;2.1
950;2;2.1
951;2;2.1
952;2;2.1
953;2;2.1
954;3;2.15
955;3;2.15
956;2;2.1
957;3;2.15
958;2;2.1
959;2;2.1
960;2;2.1
961;2;2.1
962;2;2.1
963;2;2.1
964;2;2.1
965;2;2.1
966;2;2.1
967;2;2.1
968;2;2.1
969;2;2.1
970;2;2.1
971;2;2.1
972;2;2.1
973;2;2.1
974;2;2.1
975;2;2.1
976;2;2.1
977;2;2.1
978;2;2.1
979;2;2.1
980;2;2.1
981;2;2.1
982;2;2.1
983;2;2.1
984;2;2.1
985;2;2.1
986;2;2.1
987;2;2.1
988;2;2.1
989;2;2.1
990;2;2.1
991;2;2.1
992;2;2.1
993;2;2.1
994;2;2.1
995;2;2.1
996;2;2.1
997;3;2.15
998;2;2.1
999;2;2.1
1000;2;2.1
1001;2;2.1
1002;2;2.1
1003;2;2.1
1004;2;2.1
1005;3;2.15
1006;2;2.1
1007;2;2.1
1008;2;2.1
1009;2;2.1
1010;2;2.1
1011;2;2.1
1012;2;2.1
1013;2;2.1
1014;2;2.1
1015;2;2.1
1016;3;2.15
1017;2;2.1
1018;2;2.1
1019;2;2.1
1020;2;2.1
1021;2;2.1
1022;2;2.1
1023;2;2.1
1024;2;2.1
1025;2;2.1
1026;2;2.1
1027;2;2.1
1028;2;2.1
1029;2;2.1
1030;2;2.1
1031;2;2.1
1032;2;2.1
1033;2;2.1
1034;2;2.1
1035;2;2.1
1036;2;2.1
1037;2;2.1
1038;2;2.1
1039;2;2.1
1040;2;2.1
1041;2;2.1
1042;2;2.1
1043;2;2.1
1044;2;2.1
1045;2;2.1
1046;2;2.1
1047;2;2.1
1048;2;2.1
1049;3;2.15
1050;2;2.1
1051;2;2.1
1052;2;2.1
1053;2;2.1
1054;2;2.1
1055;2;2.1
1056;2;2.1
1057;2;2.1
1058;4;2.2
1059;2;2.1
1060;3;2.15
1061;2;2.1
1062;2;2.1
1063;2;2.1
1064;2;2.1
1065;3;2.15
1066;3;2.15
1067;2;2.1
1068;2;2.1
1069;3;2.15
1070;2;2.1
1071;2;2.1
1072;3;2.2
1073;2;2.1
1074;2;2.1
1075;2;2.1
1076;2;2.1
1077;2;2.1
1078;2;2.1
1079;2;2.1
1080;2;2.1
1081;2;2.1
1082;2;2.1
1083;3;2.15
1084;4;2.2
1085;2;2.1
1086;3;2.15
1087;2;2.1
1088;2;2.1
1089;2;2.1
1090;2;2.1
1091;3;2.15
1092;2;2.1
1093;2;2.1
1094;2;2.1
1095;2;2.1
1096;2;2.1
1097;2;2.1
1098;2;2.1
1099;3;2.15
1100;2;2.1
1101;2;2.1
1102;2;2.1
1103;2;2.1
1104;2;2.1
1105;2;2.1
1106;2;2.1
1107;3;2.2
1108;2;2.1
1109;2;2.1
1110;2;2.1
1111;3;2.15
1112;2;2.1
1113;2;2.1
1114;2;2.1
1115;2;2.1
1116;2;2.1
1117;2;2.1
1118;2;2.1
1119;2;2.1
1120;2;2.1
1121;2;2.1
1122;2;2.1
1123;2;2.1
1124;3;2.15
1125;2;2.1
1126;3;2.15
1127;2;2.1
1128;2;2.1
1129;2;2.1
1130;3;2.15
1131;2;2.1
1132;2;2.1
1133;2;2.1
1134;2;2.1
1135;2;2.1
1136;3;2.15
1137;2;2.1
1138;2;2.1
1139;3;2.15
1140;2;2.1
1141;2;2.1
1142;2;2.1
1143;2;2.1
1144;2;2.1
1145;2;2.1
1146;2;2.1
1147;2;2.1
1148;3;2.2
1149;2;2.1
1150;2;2.1
1151;2;2.1
1152;2;2.1
1153;2;2.1
1154;2;2.1
1155;2;2.1
1156;3;2.15
1157;2;2.1
1158;2;2.1
1159;4;2.2
1160;2;2.1
1161;2;2.1
1162;2;2.1
1163;2;2.1
1164;2;2.1
1165;3;2.15
1166;2;2.1
1167;2;2.1
1168;2;2.1
1169;2;2.1
1170;2;2.1
1171;2;2.1
1172;2;2.1
1173;2;2.1
1174;2;2.1
1175;2;2.1
1176;2;2.1
1177;2;2.1
1178;2;2.1
1179;2;2.1
1180;2;2.1
1181;2;2.1
1182;2;2.1
1183;2;2.1
1184;2;2.1
1185;2;2.1
1186;2;2.1
1187;2;2.1
1188;2;2.1
1189;2;2.1
1190;2;2.1
1191;2;2.1
1192;2;2.1
1193;2;2.1
1194;2;2.1
1195;3;2.2
1196;3;2.15
1197;2;2.1
1198;2;2.1
1199;3;2.15
1200;2;2.1
1201;2;2.1
1202;2;2.1
1203;2;2.1
1204;2;2.1
1205;4;2.2
1206;2;2.1
1207;2;2.1
1208;2;2.1
1209;2;2.1
1210;2;2.1
1211;2;2.1
1212;2;2.1
1213;2;2.1
1214;2;2.1
1215;2;2.1
1216;4;2.2
1217;2;2.1
1218;2;2.1
1219;3;2.15
1220;2;2.1
1221;2;2.1
1222;2;2.1
1223;2;2.1
1224;2;2.1
1225;2;2.1
1226;2;2.1
1227;3;2.15
1228;2;2.1
1229;2;2.1
1230;2;2.1
1231;2;2.1
1232;2;2.1
1233;2;2.1
1234;2;2.1
1235;2;2.1
1236;2;2.1
1237;2;2.1
1238;3;2.15
1239;2;2.1
1240;2;2.1
1241;2;2.1
1242;2;2.1
1243;2;2.1
1244;2;2.1
1245;2;2.1
1246;2;2.1
1247;2;2.1
1248;2;2.1
1249;2;2.1
1250;3;2.15
1251;2;2.1
1252;3;2.15
1253;2;2.1
1254;2;2.1
1255;3;2.15
1256;2;2.1
1257;3;2.2
1258;2;2.1
1259;2;2.1
1260;2;2.1
1261;2;2.1
1262;2;2.1
1263;2;2.1
1264;2;2.1
1265;2;2.1
1266;2;2.1
1267;2;2.1
1268;3;2.15
1269;3;2.2
1270;3;2.2
1271;2;2.1
1272;2;2.1
1273;2;2.1
1274;2;2.1
1275;2;2.1
1276;2;2.1
1277;2;2.1
1278;2;2.1
1279;2;2.1
1280;2;2.1
1281;3;2.15
1282;2;2.1
1283;2;2.1
1284;2;2.1
1285;2;2.1
1286;2;2.1
1287;2;2.1
1288;2;2.1
1289;3;2.15
1290;2;2.1
1291;2;2.1
1292;2;2.1
1293;2;2.1
1294;2;2.1
1295;2;2.1
1296;2;2.1
1297;2;2.1
1298;2;2.1
1299;2;2.1
1300;2;2.1
1301;2;2.1
1302;2;2.1
1303;2;2.1
1304;2;2.1
1305;3;2.15
1306;2;2.1
1307;2;2.1
1308;2;2.1
1309;2;2.1
1310;2;2.1
1311;2;2.1
1312;2;2.1
1313;2;2.1
1314;2;2.1
1315;2;2.1
1316;3;2.15
1317;2;2.1
1318;3;2.2
1319;3;2.15
1320;4;2.2
1321;3;2.15
1322;2;2.1
1323;3;2.15
1324;2;2.1
1325;3;2.15
1326;2;2.1
1327;2;2.1
1328;2;2.1
1329;2;2.1
1330;2;2.1
1331;2;2.1
1332;3;2.15
1333;4;2.2
1334;2;2.1
1335;2;2.1
1336;2;2.1
1337;3;2.2
1338;2;2.1
1339;2;2.1
1340;2;2.1
1341;2;2.1
1342;2;2.1
1343;2;2.1
1344;2;2.1
1345;2;2.1
1346;2;2.1
1347;2;2.1
1348;2;2.1
1349;2;2.1
1350;2;2.1
1351;2;2.1
1352;2;2.1
1353;2;2.1
1354;2;2.1
1355;2;2.1
1356;2;2.1
1357;2;2.1
1358;2;2.1
1359;2;2.1
1360;2;2.1
1361;2;2.1
1362;2;2.1
1363;2;2.1
1364;3;2.15
1365;2;2.1
1366;3;2.15
1367;2;2.1
1368;2;2.1
1369;2;2.1
1370;2;2.1
1371;2;2.1
1372;2;2.1
1373;2;2.1
1374;4;2.2
1375;2;2.1
1376;2;2.1
1377;2;2.1
1378;2;2.1
1379;2;2.1
1380;3;2.15
1381;2;2.1
1382;2;2.1
1383;2;2.1
1384;2;2.1
1385;2;2.1
1386;2;2.1
1387;2;2.1
1388;2;2.1
1389;2;2.1
1390;2;2.1
1391;3;2.15
1392;2;2.1
1393;2;2.1
1394;2;2.1
1395;2;2.1
1396;2;2.1
1397;2;2.1
1398;2;2.1
1399;2;2.1
1400;2;2.1
1401;3;2.15
1402;2;2.1
1403;2;2.1
1404;2;2.1
1405;2;2.1
1406;2;2.1
1407;2;2.1
1408;2;2.1
1409;2;2.1
1410;3;2.15
1411;2;2.1
1412;2;2.1
1413;2;2.1
1414;2;2.1
1415;2;2.1
1416;3;2.15
1417;2;2.1
1418;2;2.1
1419;2;2.1
1420;3;2.15
1421;2;2.1
1422;2;2.1
1423;3;2.15
1424;2;2.1
1425;2;2.1
1426;2;2.1
1427;2;2.1
1428;2;2.1
1429;2;2.1
1430;2;2.1
1431;2;2.1
1432;2;2.1
1433;2;2.1
1434;2;2.1
1435;2;2.1
1436;2;2.1
1437;2;2.1
1438;2;2.1
1439;2;2.1
1440;2;2.1
1441;2;2.1
1442;2;2.1
1443;2;2.1
1444;2;2.1
1445;2;2.1
1446;2;2.1
1447;2;2.1
1448;3;2.15
1449;3;2.15
1450;2;2.1
1451;2;2.1
1452;2;2.1
1453;2;2.1
1454;2;2.1
1455;2;2.1
1456;3;2.15
1457;2;2.1
1458;3;2.15
1459;2;2.1
1460;2;2.1
1461;3;2.15
1462;4;2.2
1463;2;2.1
1464;2;2.1
1465;2;2.1
1466;2;2.1
1467;2;2.1
1468;2;2.1
1469;4;2.2
1470;2;2.1
1471;3;2.15
1472;4;2.2
1473;2;2.1
1474;3;2.2
1475;2;2.1
1476;2;2.1
1477;4;2.2
1478;3;2.2
1479;2;2.1
1480;2;2.1
1481;2;2.1
1482;2;2.1
1483;2;2.1
1484;2;2.1
1485;2;2.1
1486;2;2.1
1487;2;2.1
1488;2;2.1
1489;3;2.15
1490;2;2.1
1491;2;2.1
1492;2;2.1
1493;2;2.1
1494;2;2.1
1495;2;2.1
1496;2;2.1
1497;2;2.1
1498;2;2.1
1499;4;2.2
1500;2;2.1
1501;2;2.1
1502;2;2.1
1503;2;2.1
1504;2;2.1
1505;2;2.1
1506;2;2.1
1507;2;2.1
1508;2;2.1
1509;3;2.15
1510;2;2.1
1511;2;2.1
1512;2;2.1
1513;2;2.1
1514;2;2.1
1515;2;2.1
1516;2;2.1
1517;2;2.1
1518;2;2.1
1519;3;2.15
1520;3;2.15
1521;2;2.1
1522;2;2.1
1523;3;2.15
1524;3;2.15
1525;2;2.1
1526;2;2.1
1527;2;2.1
1528;2;2.1
1529;2;2.1
1530;2;2.1
1531;2;2.1
1532;2;2.1
1533;2;2.1
1534;2;2.1
1535;3;2.15
1536;2;2.1
1537;2;2.1
1538;3;2.15
1539;2;2.1
1540;2;2.1
1541;2;2.1
1542;2;2.1
1543;2;2.1
1544;2;2.1
1545;2;2.1
1546;2;2.1
1547;2;2.1
1548;2;2.1
1549;2;2.1
1550;2;2.1
1551;2;2.1
1552;3;2.15
1553;4;2.2
1554;3;2.15
1555;2;2.1
1556;2;2.1
1557;2;2.1
1558;3;2.15
1559;2;2.1
1560;2;2.1
1561;4;2.2
1562;2;2.1
1563;2;2.1
1564;2;2.1
1565;2;2.1
1566;2;2.1
1567;2;2.1
1568;2;2.1
1569;2;2.1
1570;2;2.1
1571;2;2.1
1572;2;2.1
1573;2;2.1
1574;2;2.1
1575;2;2.1
1576;2;2.1
1577;2;2.1
1578;2;2.1
1579;2;2.1
1580;2;2.1
1581;3;2.15
1582;3;2.15
1583;2;2.1
1584;2;2.1
1585;2;2.1
1586;2;2.1
1587;2;2.1
1588;2;2.1
1589;2;2.1
1590;2;2.1
1591;2;2.1
1592;3;2.15
1593;2;2.1
1594;2;2.1
1595;3;2.15
1596;2;2.1
1597;3;2.15
1598;2;2.1
1599;2;2.1
1600;2;2.1
1601;2;2.1
1602;2;2.1
1603;2;2.1
1604;2;2.1
1605;2;2.1
1606;2;2.1
1607;2;2.1
1608;2;2.1
1609;3;2.2
1610;3;2.15
1611;3;2.15
1612;2;2.1
1613;4;2.2
1614;4;2.2
1615;2;2.1
1616;2;2.1
1617;2;2.1
1618;3;2.15
1619;2;2.1
1620;2;2.1
1621;2;2.1
1622;2;2.1
1623;2;2.1
1624;2;2.1
1625;2;2.1
1626;2;2.1
1627;2;2.1
1628;3;2.15
1629;2;2.1
1630;3;2.15
1631;2;2.1
1632;2;2.1
1633;2;2.1
1634;2;2.1
1635;2;2.1
1636;2;2.1
1637;2;2.1
1638;2;2.1
1639;2;2.1
1640;2;2.1
1641;2;2.1
1642;2;2.1
1643;2;2.1
1644;2;2.1
1645;3;2.15
1646;2;2.1
1647;2;2.1
1648;2;2.1
1649;2;2.1
1650;2;2.1
1651;3;2.15
1652;2;2.1
1653;2;2.1
1654;2;2.1
1655;2;2.1
1656;2;2.1
1657;2;2.1
1658;2;2.1
1659;2;2.1
1660;2;2.1
1661;2;2.1
1662;2;2.1
1663;3;2.15
1664;2;2.1
1665;2;2.1
1666;2;2.1
1667;2;2.1
1668;2;2.1
1669;2;2.1
1670;2;2.1
1671;2;2.1
1672;2;2.1
1673;2;2.1
1674;2;2.1
1675;2;2.1
1676;2;2.1
1677;2;2.1
1678;2;2.1
1679;2;2.1
1680;2;2.1
1681;2;2.1
1682;2;2.1
1683;2;2.1
1684;2;2.1
1685;2;2.1
1686;2;2.1
1687;3;2.15
1688;2;2.1
1689;3;2.15
1690;2;2.1
1691;2;2.1
1692;2;2.1
1693;3;2.2
Meranie: 19
0;3;1.45
1;2;1.6
2;2;1.75
3;2;1.95
4;2;1.95
5;3;2.05
6;2;2.1
7;3;1.85
8;3;2.15
9;2;2.0
10;3;1.9
11;3;2.15
12;2;2.1
13;2;2.1
14;3;2.15
15;2;2.1
16;2;2.1
17;2;2.1
18;2;2.1
19;2;2.1
20;4;2.2
21;3;2.15
22;3;2.2
23;3;2.15
24;3;2.2
25;3;2.25
26;3;2.25
27;3;2.15
28;3;2.2
29;3;2.3
30;4;2.3
31;4;2.5
32;3;2.4
33;4;2.45
34;3;2.2
35;3;2.25
36;3;2.35
37;4;2.25
38;3;2.3
39;3;2.4
40;4;2.55
41;4;2.65
42;3;2.3
43;3;2.85
44;3;2.5
45;4;2.45
46;3;2.4
47;3;2.65
48;3;2.3
49;3;2.4
50;4;2.75
51;4;2.95
52;4;2.75
53;4;2.9
54;4;2.5
55;3;2.65
56;4;2.5
57;3;2.8
58;4;3.25
59;4;2.4
60;4;2.5
61;4;2.85
62;4;2.75
Meranie: 20
0;2;1.5
1;2;2.05
2;2;1.7
3;2;1.9
4;2;1.95
5;3;2.0
6;2;2.1
7;2;2.1
8;3;2.15
9;2;2.1
10;3;2.15
11;2;2.1
12;3;2.15
13;3;2.15
14;2;2.1
15;2;2.1
16;2;2.1
17;3;2.15
18;2;2.1
19;3;2.15
20;3;2.15
21;3;2.15
22;2;2.1
23;2;2.1
24;2;2.1
25;2;2.1
26;3;2.3
27;3;2.15
28;3;2.2
29;2;2.1
30;2;2.1
31;3;2.15
32;2;2.1
33;3;2.15
34;2;2.1
35;3;2.25
36;3;2.15
37;2;2.1
38;2;2.1
39;2;2.1
40;2;2.1
41;2;2.1
42;3;2.15
43;2;2.1
44;2;2.1
45;3;2.15
46;2;2.1
47;2;2.1
48;3;2.15
49;2;2.1
50;3;2.15
51;3;2.3
52;3;2.15
53;2;2.1
54;3;2.2
55;3;2.2
56;3;2.15
57;3;2.2
58;4;2.2
59;2;2.1
60;3;2.15
