Meranie: 0
0;2;1.65
1;2;2.1
2;3;2.15
3;3;2.15
4;3;2.2
5;3;2.25
6;3;2.3
7;3;2.35
8;3;2.45
9;3;2.5
10;3;2.35
11;3;2.5
12;3;2.6
13;3;2.6
14;3;2.6
15;3;2.6
16;4;2.7
17;4;2.65
18;4;2.7
19;4;2.75
20;4;2.75
21;4;2.75
22;4;2.8
23;4;2.75
24;4;2.75
25;4;2.75
26;4;2.75
27;4;2.8
28;4;2.75
29;4;2.75
30;4;2.85
31;4;2.8
32;4;2.7
33;4;2.8
34;4;2.75
35;4;2.8
36;4;2.75
37;4;2.85
38;4;2.8
39;4;2.9
40;4;2.9
41;4;2.95
42;4;2.6
43;4;2.85
44;4;2.9
45;4;2.9
46;4;2.85
47;4;2.8
48;4;2.9
49;4;2.85
50;4;2.95
51;4;2.95
52;4;2.95
53;4;3.1
54;4;2.95
55;4;3.05
56;4;2.9
57;4;3.0
58;4;3.0
59;4;2.95
60;4;2.85
61;4;2.95
62;4;3.0
63;4;3.0
64;4;2.9
65;4;3.0
66;4;2.9
67;4;2.9
68;4;2.9
69;4;3.0
70;4;3.0
71;4;2.85
72;4;3.0
73;4;3.0
74;4;3.05
75;4;2.95
76;4;3.05
77;4;3.2
78;4;3.1
79;4;3.2
80;4;3.2
81;4;3.1
82;4;3.05
83;4;3.15
84;4;3.05
85;4;3.05
86;4;3.15
87;4;3.2
88;4;3.1
89;4;3.3
90;4;3.1
91;4;3.2
92;4;3.15
93;4;3.25
94;4;3.1
95;4;3.1
96;4;3.25
97;4;3.15
98;4;3.15
99;4;3.1
100;4;3.1
101;4;3.1
102;4;3.3
103;4;3.15
104;4;3.2
105;4;3.15
106;4;3.25
107;4;3.15
108;4;3.1
109;4;3.25
110;4;3.15
111;4;3.25
112;4;3.25
113;4;3.15
114;4;3.25
115;4;3.15
116;4;3.2
117;4;3.2
118;4;3.2
119;4;3.1
120;4;3.2
121;4;3.1
122;4;3.15
123;4;3.2
124;4;3.15
125;4;3.15
Meranie: 1
0;2;1.65
1;4;2.1
2;4;2.35
3;4;2.3
4;4;2.4
5;4;2.35
6;4;2.4
7;4;2.4
8;4;2.4
9;4;2.5
10;4;2.5
11;4;2.55
12;4;2.55
13;4;2.55
14;4;2.6
15;4;2.6
16;4;2.6
17;4;2.75
18;4;2.8
19;4;2.75
20;4;2.8
21;4;2.75
22;4;2.75
23;4;2.85
24;4;2.85
25;4;2.7
26;4;2.75
27;4;2.7
28;4;2.7
29;4;2.8
30;4;2.7
31;4;2.65
32;4;2.75
33;4;2.65
34;4;2.8
35;4;2.75
36;4;2.8
37;4;2.75
38;4;2.9
39;4;2.75
40;4;2.9
41;4;2.85
42;4;2.8
43;4;2.85
44;4;2.8
45;4;2.9
46;4;2.85
47;4;2.85
48;4;2.8
49;4;2.8
50;4;2.85
51;4;2.9
52;4;2.85
53;4;2.85
54;4;2.8
55;4;2.85
56;4;2.95
57;4;2.9
58;4;3.0
59;4;2.9
60;4;2.8
61;4;2.8
62;4;2.6
63;4;2.8
64;4;2.85
65;4;3.0
66;4;2.85
67;4;2.95
68;4;2.9
69;4;2.9
70;4;2.95
71;4;3.0
72;4;2.85
73;4;3.0
74;4;2.9
75;4;2.95
76;4;3.15
77;4;3.0
78;4;2.8
79;4;3.1
80;4;3.1
81;4;3.2
82;4;3.0
83;4;3.0
84;4;3.1
85;4;3.1
86;4;3.15
87;4;3.15
88;4;3.15
89;4;3.15
90;4;3.05
91;4;2.85
92;4;3.2
93;4;3.1
94;4;3.2
95;4;3.15
96;4;3.2
97;4;3.15
98;4;3.0
99;4;3.15
100;4;3.1
101;4;3.3
102;4;2.95
103;4;2.85
104;4;2.95
105;4;3.05
106;4;3.1
107;4;3.2
108;4;3.1
109;4;3.2
110;4;3.2
111;4;3.05
112;4;3.3
113;4;3.6
114;4;3.2
115;4;3.15
116;4;3.15
117;4;3.1
118;4;3.2
119;4;3.2
120;4;3.15
121;4;3.25
122;4;3.1
123;4;3.2
124;4;3.15
125;4;3.35
126;4;3.15
127;4;3.05
128;4;3.35
129;4;3.25
130;4;3.15
131;4;3.15
132;4;3.3
133;4;3.15
134;4;3.35
135;4;3.1
136;4;3.05
137;4;3.1
Meranie: 2
0;3;1.5
1;3;1.8
2;3;2.0
3;3;2.15
4;3;2.15
5;3;2.15
6;3;2.15
7;3;2.2
8;3;2.2
9;3;2.25
10;3;2.25
11;3;2.25
12;3;2.3
13;3;2.3
14;3;2.3
15;3;2.35
16;3;2.4
17;3;2.25
18;3;2.45
19;3;2.5
20;3;2.45
21;3;2.55
22;3;2.55
23;3;2.55
24;3;2.6
25;3;2.6
26;3;2.6
27;3;2.65
28;3;2.65
29;3;2.6
30;3;2.6
31;3;2.6
32;3;2.6
33;3;2.6
34;3;2.6
35;3;2.6
36;3;2.6
37;3;2.65
38;3;2.7
39;3;2.6
40;3;2.7
41;3;2.65
42;3;2.7
43;3;2.6
44;3;2.6
45;3;2.75
46;3;2.6
47;3;2.6
48;3;2.6
49;3;2.65
50;3;2.6
51;3;2.6
52;3;2.65
53;3;2.65
54;3;2.7
55;3;2.45
56;3;2.75
57;3;2.65
58;4;2.75
59;4;2.9
60;4;2.65
61;4;2.75
62;4;2.75
63;4;2.7
64;4;2.7
65;4;2.85
66;4;2.7
67;4;2.7
68;4;2.75
69;4;2.65
70;4;2.8
71;4;2.9
72;4;2.75
73;4;2.85
74;4;2.9
75;4;2.9
76;4;2.9
77;4;2.85
78;4;2.9
79;4;2.85
80;4;2.9
81;4;2.9
82;4;3.0
83;4;2.95
84;4;2.9
85;4;2.9
86;4;2.95
87;4;2.95
88;4;2.9
89;4;3.1
90;4;2.9
91;4;2.95
92;4;3.0
93;4;2.85
94;4;2.95
95;4;3.15
96;4;3.2
97;4;2.95
98;4;3.0
99;4;3.1
100;4;3.15
101;4;3.1
102;4;3.0
103;4;3.1
104;4;3.0
105;4;3.2
106;4;3.25
Meranie: 3
0;2;1.8
1;2;1.9
2;3;2.15
3;3;2.15
4;3;2.25
5;3;2.25
6;3;2.25
7;3;2.3
8;3;2.35
9;3;2.35
10;3;2.4
11;3;2.4
12;3;2.45
13;3;2.45
14;3;2.5
15;3;2.6
16;3;2.55
17;3;2.6
18;3;2.6
19;4;2.75
20;4;2.65
21;4;2.7
22;4;2.75
23;4;2.65
24;4;2.75
25;4;2.55
26;4;2.7
27;4;2.65
28;4;2.65
29;4;2.65
30;4;2.65
31;4;2.75
32;4;2.8
33;4;2.75
34;4;2.75
35;4;2.6
36;4;2.85
37;4;2.95
38;4;2.8
39;4;2.65
40;4;2.85
41;4;2.6
42;4;2.8
43;4;2.85
44;4;2.8
45;4;2.8
46;4;2.85
47;4;2.8
48;4;2.9
49;4;2.9
50;4;2.9
51;4;3.0
52;4;2.85
53;4;2.95
54;4;2.95
55;4;3.1
56;4;3.0
57;4;3.05
58;4;3.1
59;4;2.95
60;4;2.95
61;4;3.05
62;4;2.95
63;4;3.05
64;4;3.05
65;4;2.95
66;4;3.1
67;4;3.0
68;4;3.05
69;4;3.0
70;4;3.1
71;4;3.0
72;4;2.95
73;4;3.05
74;4;3.15
75;4;3.05
76;4;3.15
77;4;3.25
78;4;3.1
79;4;3.25
80;4;3.2
81;4;3.2
82;4;3.2
83;4;3.15
84;4;3.1
85;4;3.35
86;4;3.25
87;4;3.4
88;4;3.15
89;4;3.15
90;4;3.2
91;4;3.2
92;4;3.1
93;4;3.2
94;4;3.25
95;4;3.15
96;4;3.05
97;4;3.1
98;4;3.2
99;4;3.2
100;4;3.15
101;4;3.2
102;4;3.1
103;4;3.1
104;4;3.2
105;4;3.15
106;4;3.25
107;4;3.3
108;4;3.2
109;4;3.25
110;4;3.25
111;4;3.3
112;4;3.2
113;4;3.2
114;4;3.1
115;4;3.15
116;4;3.35
117;4;3.15
118;4;3.15
119;4;3.4
120;4;3.2
121;4;3.1
122;4;3.1
123;4;3.2
124;4;3.2
125;4;3.2
126;4;3.1
127;4;3.15
128;4;3.15
129;4;3.15
130;4;3.15
131;4;3.1
132;4;3.25
133;4;3.1
134;4;3.2
135;4;3.1
136;4;3.25
137;4;3.2
138;4;3.2
139;4;3.15
140;4;3.15
141;4;3.3
142;4;3.1
143;4;3.15
144;4;3.25
145;4;3.1
146;4;3.2
147;4;3.1
148;4;3.25
149;4;3.15
150;4;3.15
151;4;3.25
152;4;3.05
153;4;3.1
154;4;3.15
155;4;3.15
156;4;3.1
157;4;3.25
158;4;3.2
159;4;3.1
160;4;3.15
161;4;3.2
162;4;3.3
163;4;3.3
164;4;3.25
165;4;3.1
166;4;3.2
167;4;3.2
168;4;3.35
169;4;3.1
170;4;3.25
171;4;3.15
172;4;3.15
173;4;3.25
174;4;3.15
175;4;3.1
176;4;3.15
177;4;3.2
178;4;3.1
179;4;3.2
180;4;3.2
181;4;3.15
182;4;3.2
183;4;3.2
184;4;3.15
185;4;3.1
186;4;3.25
187;4;3.3
188;4;3.15
189;4;3.4
190;4;3.15
191;4;3.2
192;4;3.3
193;4;3.25
194;4;3.2
195;4;3.15
196;4;3.1
197;4;3.3
198;4;3.2
199;4;3.15
200;4;3.15
201;4;3.25
202;4;3.2
203;4;3.25
204;4;3.3
205;4;3.05
206;4;3.1
207;4;3.2
208;4;3.15
209;4;3.2
210;4;3.15
211;4;3.1
212;4;2.95
213;4;3.15
214;4;3.3
215;4;3.1
216;4;3.2
217;4;3.25
218;4;3.25
219;4;3.1
220;4;3.15
221;4;3.15
222;4;3.1
223;4;3.15
224;4;3.15
225;4;3.15
226;4;3.1
227;4;3.2
228;4;3.15
229;4;3.3
230;4;3.2
231;4;3.2
232;4;3.15
233;4;3.1
234;4;3.2
235;4;3.15
236;4;3.2
237;4;3.2
238;4;3.15
239;4;3.2
240;4;3.3
241;4;3.25
Meranie: 4
0;2;1.7
1;2;1.9
2;3;2.15
3;3;2.15
4;3;2.25
5;3;2.25
6;3;2.3
7;3;2.35
8;3;2.35
9;3;2.4
10;3;2.4
11;3;2.4
12;3;2.4
13;3;2.4
14;3;2.5
15;3;2.65
16;3;2.6
17;3;2.75
18;3;2.7
19;3;2.85
20;3;2.65
21;3;2.75
22;3;2.7
23;3;2.65
24;3;2.6
25;3;2.65
26;3;2.6
27;3;2.6
28;3;2.6
29;4;2.8
30;4;2.8
31;4;2.95
32;4;3.0
33;4;2.9
34;4;2.95
35;4;2.85
36;4;2.85
37;4;3.15
38;4;2.85
39;4;2.85
40;4;2.8
41;4;2.85
42;4;2.85
43;4;2.9
44;4;2.9
45;4;2.95
46;4;2.95
47;4;2.9
Meranie: 5
0;2;1.6
1;2;1.95
2;2;2.05
3;3;2.15
4;3;2.15
5;3;2.2
6;3;2.25
7;3;2.2
8;3;2.15
9;3;2.25
10;4;2.4
11;4;2.45
12;4;2.5
13;4;2.5
14;4;2.55
15;4;2.65
16;4;2.65
17;4;2.65
18;4;2.7
19;4;2.85
20;4;2.8
21;4;2.75
22;4;2.75
23;4;2.7
24;4;2.7
25;4;2.8
26;4;2.75
27;4;2.7
28;4;2.7
29;4;2.7
30;4;2.75
31;4;2.8
32;4;2.8
33;4;2.75
34;4;2.65
35;4;2.6
36;4;2.85
37;4;2.85
38;4;2.85
39;4;2.95
40;4;3.0
41;4;2.95
42;4;2.75
43;4;2.85
44;4;2.9
45;4;2.85
46;4;2.85
47;4;2.95
48;4;3.0
49;4;2.95
50;4;2.95
51;4;2.85
Meranie: 6
0;2;1.45
1;2;1.8
2;3;2.0
3;3;2.2
4;3;2.2
5;3;2.3
6;3;2.3
7;3;2.3
8;3;2.4
9;3;2.4
10;4;2.55
11;4;2.6
12;4;2.65
13;4;2.7
14;4;2.7
15;4;2.7
16;4;2.55
17;4;2.65
18;4;2.85
19;4;2.8
20;4;2.65
21;4;2.7
22;4;2.75
23;4;2.75
24;4;2.8
25;4;2.75
26;4;2.7
27;4;2.7
28;4;2.75
29;4;2.75
30;4;2.9
31;4;2.8
32;4;2.85
33;4;2.75
34;4;2.7
35;4;2.75
36;4;2.8
37;4;2.75
38;4;2.85
39;4;2.75
40;4;2.75
41;4;2.85
42;4;2.8
43;4;2.75
44;4;2.8
45;4;2.8
46;4;2.8
47;4;2.75
48;4;3.1
49;4;3.0
50;4;2.85
51;4;2.9
52;4;2.95
53;4;2.9
54;4;2.85
55;4;2.85
56;4;2.9
57;4;2.8
58;4;2.95
59;4;2.95
60;4;2.85
61;4;2.9
62;4;2.9
63;4;2.95
64;4;3.15
65;4;3.0
66;4;3.05
67;4;3.15
68;4;3.05
69;4;3.0
70;4;3.05
71;4;3.15
72;4;3.05
73;4;3.1
74;4;3.1
75;4;3.05
76;4;2.95
77;4;3.15
78;4;3.15
79;4;3.15
80;4;3.1
81;4;3.05
82;4;3.1
83;4;3.2
84;4;3.15
85;4;3.3
86;4;3.2
87;4;3.2
88;4;3.1
89;4;3.1
90;4;3.25
91;4;3.15
92;4;3.15
93;4;3.15
94;4;3.3
95;4;3.2
96;4;3.1
97;4;3.15
98;4;3.2
99;4;3.35
100;4;3.2
101;4;3.15
102;4;3.15
103;4;3.2
104;4;3.3
105;4;3.15
106;4;3.1
107;4;3.15
108;4;3.1
109;4;3.3
110;4;3.1
111;4;2.95
112;4;3.2
113;4;3.2
114;4;3.15
115;4;3.25
116;4;3.2
117;4;3.2
118;4;3.1
119;4;3.3
120;4;3.2
121;4;3.15
122;4;3.15
123;4;3.15
124;4;3.1
125;4;3.1
126;4;3.15
127;4;3.15
128;4;3.1
129;4;3.15
130;4;3.2
131;4;3.15
132;4;3.2
Meranie: 7
0;2;1.3
1;2;1.6
2;2;1.95
3;3;2.1
4;3;2.2
5;3;2.2
6;3;2.25
7;4;2.4
8;4;2.35
9;4;2.45
10;4;2.45
11;4;2.45
12;4;2.45
13;4;2.45
14;4;2.55
15;4;2.65
16;4;2.75
17;4;2.8
18;4;2.7
19;4;2.7
20;4;2.7
21;4;2.85
22;4;2.85
23;4;2.9
24;4;2.95
25;4;2.95
26;4;2.85
27;4;2.95
28;4;2.95
29;4;2.95
30;4;2.95
31;4;2.9
32;4;3.0
33;4;3.0
34;4;2.95
35;4;2.95
36;4;3.1
37;4;3.05
38;4;3.1
39;4;3.0
40;4;3.1
41;4;3.1
42;4;3.05
43;4;3.05
44;4;3.15
45;4;3.15
46;4;3.1
47;4;3.1
48;4;3.1
49;4;3.05
50;4;3.15
51;4;3.1
52;4;3.1
53;4;3.1
54;4;3.1
55;4;3.2
56;4;3.1
57;4;3.1
58;4;3.1
59;4;3.1
60;4;3.05
61;4;3.1
62;4;3.1
63;4;3.35
64;4;3.25
65;4;3.2
66;4;3.1
67;4;3.1
68;4;3.2
69;4;3.1
70;4;3.3
71;4;3.15
72;4;2.95
73;4;3.15
74;4;3.15
75;4;3.3
76;4;3.25
77;4;3.2
78;4;3.15
79;4;3.25
80;4;3.3
81;4;3.25
82;4;3.15
83;4;3.2
84;4;3.3
85;4;3.1
86;4;3.1
87;4;3.1
88;4;3.25
89;4;3.25
90;4;3.25
91;4;3.1
92;4;3.2
93;4;3.2
94;4;3.1
95;4;3.3
96;4;3.25
97;4;3.2
98;4;3.1
99;4;3.1
100;4;3.3
101;4;3.2
102;4;3.1
103;4;3.3
104;4;3.2
105;4;3.4
106;4;3.2
107;4;3.2
108;4;3.1
109;4;3.1
110;4;3.25
111;4;3.25
112;4;3.2
113;4;3.2
114;4;3.2
115;4;3.25
116;4;3.2
117;4;3.2
118;4;3.2
119;4;3.1
120;4;3.25
121;4;3.2
122;4;3.15
123;4;3.1
124;4;3.15
125;4;3.1
126;4;3.2
127;4;3.15
128;4;3.15
129;4;3.1
130;4;3.15
131;4;3.2
132;4;3.1
133;4;3.1
134;4;3.3
135;4;3.1
136;4;3.15
137;4;3.15
138;4;3.15
139;4;3.1
140;4;3.15
141;4;3.2
142;4;3.15
143;4;3.1
144;4;3.3
145;4;3.3
146;4;3.45
147;4;3.25
Meranie: 8
0;2;1.55
1;2;1.9
2;2;2.0
3;3;2.1
4;3;2.15
5;3;2.15
6;3;2.15
7;3;2.15
8;3;2.2
9;3;2.3
10;3;2.3
11;3;2.3
12;3;2.35
13;3;2.4
14;3;2.55
15;3;2.55
16;3;2.6
17;3;2.65
18;3;2.65
19;3;2.65
20;3;2.65
21;3;2.7
22;3;2.7
23;3;2.65
24;3;2.65
25;3;2.7
26;3;2.7
27;3;2.6
28;3;2.7
29;3;2.6
30;3;2.7
31;3;2.65
32;3;2.65
33;3;2.6
34;3;2.65
35;3;2.6
36;3;2.6
37;3;2.65
38;3;2.7
39;3;2.65
40;3;2.6
41;4;2.8
42;4;2.65
43;4;2.7
44;4;2.65
45;4;2.65
46;4;2.7
47;4;2.75
48;4;2.7
49;4;2.75
50;4;2.85
51;4;2.75
52;4;2.8
53;4;2.75
54;4;2.75
55;4;3.0
56;4;2.85
57;4;2.8
58;4;2.9
59;4;2.85
60;4;2.9
61;4;2.85
62;4;2.8
63;4;2.8
64;4;2.9
65;4;3.05
66;4;2.9
67;4;2.8
68;4;2.8
69;4;2.95
70;4;2.95
71;4;2.85
72;4;2.95
73;4;2.85
74;4;2.95
75;4;2.9
76;4;2.9
77;4;2.95
78;4;2.9
79;4;2.85
80;4;3.0
81;4;3.05
82;4;3.05
83;4;3.2
84;4;3.15
85;4;3.15
86;4;3.3
87;4;3.2
88;4;3.3
89;4;3.25
90;4;3.1
91;4;3.25
92;4;3.3
93;4;3.2
94;4;3.5
95;4;3.3
96;4;3.2
97;4;3.25
98;4;3.2
99;4;3.3
100;4;3.3
101;4;3.3
102;4;3.4
103;4;3.25
104;4;3.4
105;4;3.25
106;4;3.35
107;4;3.35
108;4;3.5
109;4;3.2
110;4;3.4
111;4;3.25
112;4;3.2
113;4;3.3
114;4;3.45
115;4;3.5
116;4;3.35
117;4;3.45
118;4;3.25
119;4;3.4
120;4;3.5
Meranie: 9
0;2;1.55
1;2;1.85
2;2;1.85
3;2;2.0
4;3;2.0
5;3;2.2
6;3;2.05
7;3;2.2
8;3;2.2
9;3;2.3
10;3;2.35
11;3;2.35
12;3;2.35
13;3;2.35
14;3;2.35
15;3;2.35
16;3;2.35
17;3;2.35
18;3;2.35
19;3;2.4
20;3;2.4
21;4;2.55
22;4;2.6
23;4;2.75
24;4;2.75
25;4;2.85
26;4;2.75
27;4;2.8
28;4;2.8
29;4;2.85
30;4;2.8
31;4;2.85
32;4;2.8
33;4;2.85
34;4;2.95
35;4;2.9
36;4;2.9
37;4;2.95
38;4;2.95
39;4;2.85
40;4;2.9
41;4;2.95
42;4;3.0
43;4;2.85
44;4;2.95
45;4;2.95
46;4;2.85
47;4;2.9
48;4;3.1
49;4;3.0
50;4;3.0
51;4;2.9
52;4;3.0
53;4;3.05
54;4;3.0
55;4;2.95
56;4;3.15
57;4;3.1
58;4;3.2
59;4;3.05
60;4;3.05
61;4;3.1
62;4;3.3
63;4;3.05
64;4;3.1
65;4;3.1
66;4;3.1
67;4;3.2
68;4;3.1
69;4;3.1
70;4;3.2
71;4;3.35
72;4;3.15
73;4;3.25
74;4;3.2
75;4;3.2
76;4;3.2
77;4;3.15
78;4;3.15
79;4;3.35
80;4;3.25
81;4;3.1
82;4;3.1
83;4;3.25
84;4;3.25
85;4;3.15
86;4;3.2
87;4;3.1
88;4;3.2
89;4;3.1
90;4;3.25
91;4;3.25
92;4;3.15
93;4;3.1
94;4;3.2
95;4;3.3
96;4;3.3
97;4;3.2
98;4;3.25
99;4;3.15
100;4;3.15
101;4;3.25
102;4;3.1
103;4;3.15
104;4;3.3
105;4;3.2
106;4;3.25
107;4;3.2
108;4;3.5
109;4;3.2
110;4;3.1
111;4;3.2
112;4;3.25
113;4;3.35
114;4;3.25
115;4;3.2
116;4;3.1
117;4;3.2
118;4;3.35
119;4;3.3
120;4;3.2
121;4;3.2
122;4;3.25
123;4;3.25
124;4;3.1
125;4;3.2
126;4;3.15
127;4;3.15
128;4;3.15
129;4;3.15
130;4;3.1
131;4;3.15
132;4;3.1
133;4;3.25
134;4;3.3
135;4;3.35
136;4;3.15
137;4;3.3
138;4;3.35
139;4;3.15
140;4;3.1
141;4;3.1
142;4;3.1
143;4;3.25
144;4;3.15
145;4;3.25
146;4;3.1
147;4;3.15
148;4;3.25
149;4;3.2
150;4;3.15
151;4;3.15
152;4;3.2
153;4;3.1
154;4;3.15
155;4;3.1
156;4;3.1
157;4;3.2
158;4;3.15
159;4;3.25
160;4;3.3
161;4;3.15
162;4;3.4
163;4;3.15
164;4;3.2
165;4;2.95
166;4;3.1
167;4;3.25
168;4;3.35
169;4;3.15
170;4;3.15
171;4;3.2
172;4;3.1
173;4;3.15
174;4;3.1
Meranie: 10
0;3;1.85
1;3;1.9
2;3;2.05
3;4;2.25
4;4;2.35
5;4;2.15
6;4;2.35
7;4;2.5
8;4;2.5
9;4;2.5
10;4;2.55
11;4;2.7
12;4;2.7
13;4;2.65
14;4;2.5
15;4;2.65
16;4;2.7
17;4;2.75
18;4;2.8
19;4;2.75
20;4;2.75
21;4;2.7
22;4;2.7
23;4;2.75
24;4;2.75
25;4;2.75
26;4;2.85
27;4;2.7
28;4;2.75
29;4;2.7
30;4;2.75
31;4;2.7
32;4;2.7
33;4;2.8
34;4;2.85
35;4;2.8
36;4;2.75
37;4;2.8
38;4;2.8
39;4;2.9
40;4;2.75
41;4;2.95
42;4;2.9
43;4;2.9
44;4;2.85
45;4;2.7
46;4;2.7
47;4;2.95
Meranie: 11
0;2;1.65
1;2;2.0
2;2;2.1
3;2;2.1
4;2;2.1
5;2;2.1
6;2;2.1
7;2;1.9
8;3;2.15
9;3;2.15
10;3;2.2
11;3;2.2
12;3;2.2
13;3;2.2
14;3;2.3
15;3;2.35
16;3;2.4
17;3;2.45
18;3;2.65
19;3;2.65
20;3;2.6
21;4;2.8
22;4;2.75
23;4;2.65
24;4;2.7
25;4;2.7
26;4;2.8
27;4;2.75
28;4;2.75
29;4;2.75
30;4;2.75
31;4;2.75
32;4;2.8
33;4;2.75
34;4;2.8
35;4;2.75
36;4;2.8
37;4;2.75
38;4;2.8
39;4;2.7
40;4;2.75
41;4;2.75
42;4;2.85
43;4;2.95
44;4;2.85
45;4;2.85
46;4;2.95
47;4;2.9
48;4;2.85
49;4;2.85
50;4;2.95
51;4;2.9
52;4;3.1
53;4;2.9
54;4;3.0
55;4;3.1
56;4;3.15
57;4;3.05
58;4;3.05
59;4;3.05
60;4;3.15
61;4;3.1
62;4;3.25
63;4;3.45
64;4;3.3
65;4;3.35
66;4;3.1
67;4;3.4
68;4;3.15
69;4;3.25
70;4;3.25
71;4;3.25
72;4;3.15
73;4;3.2
74;4;3.15
75;4;3.2
76;4;3.1
77;4;3.25
78;4;3.2
79;4;3.1
80;4;3.15
81;4;3.35
82;4;3.2
83;4;3.3
84;4;3.1
85;4;3.1
86;4;3.1
87;4;3.15
88;4;3.2
89;4;3.1
90;4;3.15
91;4;3.2
92;4;3.2
93;4;3.15
94;4;3.15
95;4;3.2
96;4;3.25
Meranie: 12
0;2;1.55
1;2;1.9
2;3;2.15
3;3;2.15
4;3;2.2
5;3;2.2
6;3;2.2
7;3;2.2
8;3;2.3
9;3;2.3
10;3;2.3
11;4;2.4
12;4;2.4
13;4;2.4
14;4;2.4
15;4;2.4
16;4;2.4
17;4;2.45
18;4;2.5
19;4;2.55
20;4;2.65
21;4;2.75
22;4;2.7
23;4;2.7
24;4;2.8
25;4;2.8
26;4;2.8
27;4;2.8
28;4;2.7
29;4;2.8
30;4;2.8
31;4;2.85
32;4;2.75
33;4;2.75
34;4;2.85
35;4;2.95
36;4;2.8
37;4;2.9
38;4;2.9
39;4;2.75
40;4;2.75
41;4;2.9
42;4;2.8
43;4;2.8
44;4;2.85
45;4;2.8
46;4;2.8
47;4;2.9
48;4;2.8
49;4;2.95
50;4;2.8
51;4;2.9
52;4;2.85
53;4;2.8
54;4;2.95
55;4;2.8
56;4;2.85
57;4;2.9
58;4;2.8
59;4;2.85
60;4;2.9
61;4;2.8
62;4;2.8
63;4;2.85
64;4;2.8
65;4;2.8
66;4;2.9
67;4;2.9
68;4;2.85
69;4;2.95
70;4;2.95
71;4;2.95
72;4;2.9
73;4;2.9
74;4;2.95
75;4;2.95
76;4;2.9
77;4;3.05
78;4;2.95
79;4;2.9
80;4;2.85
81;4;2.9
82;4;2.95
83;4;2.9
84;4;3.1
85;4;2.9
86;4;3.05
87;4;3.15
88;4;3.0
89;4;3.1
90;4;3.0
91;4;3.05
92;4;3.0
93;4;3.1
94;4;3.05
95;4;3.15
96;4;3.2
97;4;3.1
98;4;3.15
99;4;3.05
100;4;3.05
101;4;3.05
102;4;3.1
103;4;3.05
104;4;3.15
105;4;3.2
106;4;3.1
107;4;3.15
108;4;3.05
109;4;3.2
110;4;3.1
111;4;3.15
112;4;3.2
113;4;3.1
114;4;3.1
115;4;3.2
116;4;3.05
117;4;3.3
118;4;3.1
119;4;3.2
120;4;3.1
121;4;3.35
122;4;3.3
123;4;3.2
124;4;3.15
125;4;3.2
126;4;3.15
127;4;3.25
128;4;3.2
129;4;3.25
130;4;3.3
131;4;3.15
132;4;3.1
133;4;3.25
134;4;3.25
135;4;3.2
136;4;3.2
137;4;3.2
138;4;3.15
139;4;3.35
Meranie: 13
0;2;1.4
1;2;1.75
2;3;1.9
3;3;2.15
4;3;2.15
5;3;2.2
6;4;2.3
7;4;2.3
8;4;2.15
9;4;2.2
10;4;2.3
11;4;2.3
12;4;2.3
13;4;2.3
14;4;2.3
15;4;2.35
16;4;2.45
17;4;2.45
18;4;2.45
19;4;2.5
20;4;2.5
21;4;2.5
22;4;2.6
23;4;2.6
24;4;2.45
25;4;2.6
26;4;2.6
27;4;2.6
28;4;2.7
29;4;2.6
30;4;2.65
31;4;2.7
32;4;2.65
33;4;2.7
34;4;2.7
35;4;2.8
36;4;2.75
37;4;2.8
38;4;2.75
39;4;2.8
40;4;2.7
41;4;2.9
42;4;2.8
43;4;2.75
44;4;2.95
45;4;3.0
46;4;2.85
47;4;2.85
48;4;2.9
49;4;2.9
50;4;2.85
51;4;2.85
52;4;2.9
53;4;2.95
54;4;2.9
55;4;2.9
56;4;2.85
Meranie: 14
0;2;1.55
1;2;1.8
2;2;1.95
3;3;2.1
4;3;2.15
5;3;2.2
6;3;2.3
7;3;2.3
8;3;2.35
9;3;2.4
10;3;2.4
11;3;2.5
12;3;2.6
13;3;2.6
14;3;2.65
15;3;2.6
16;4;2.75
17;4;2.65
18;4;2.7
19;4;2.8
20;4;2.65
21;4;2.8
22;4;2.75
23;4;2.85
24;4;2.75
25;4;2.95
26;4;2.85
27;4;2.85
28;4;2.75
29;4;2.95
30;4;2.8
31;4;2.75
32;4;2.9
33;4;2.8
34;4;2.8
35;4;2.75
36;4;2.8
37;4;2.75
38;4;2.75
39;4;2.85
40;4;2.95
41;4;3.05
42;4;2.9
43;4;2.85
44;4;2.9
45;4;3.0
46;4;2.85
47;4;2.95
48;4;2.95
49;4;2.85
50;4;3.05
51;4;2.85
52;4;3.05
53;4;2.9
54;4;2.9
55;4;2.9
56;4;2.95
57;4;2.85
58;4;2.95
59;4;2.9
60;4;2.95
61;4;2.9
62;4;3.1
63;4;3.3
64;4;3.05
65;4;3.0
66;4;3.05
67;4;3.0
68;4;3.0
69;4;3.15
70;4;3.25
71;4;3.05
72;4;3.2
73;4;3.1
74;4;3.0
75;4;3.0
76;4;3.1
77;4;3.05
78;4;3.0
79;4;3.05
80;4;3.0
81;4;3.05
82;4;3.1
83;4;3.0
84;4;3.1
85;4;3.1
86;4;3.1
87;4;3.1
88;4;3.15
89;4;3.2
90;4;3.2
91;4;3.15
92;4;3.2
93;4;3.3
94;4;3.15
95;4;3.15
96;4;3.35
97;4;3.15
98;4;3.5
99;4;3.4
100;4;3.1
101;4;3.25
102;4;3.15
103;4;3.2
104;4;3.45
105;4;3.35
106;4;3.2
107;4;3.2
108;4;3.35
109;4;3.45
110;4;3.25
111;4;3.6
112;4;3.35
113;4;3.25
114;4;3.4
115;4;3.4
116;4;3.3
117;4;3.45
118;4;3.5
119;4;3.25
120;4;3.4
121;4;3.35
122;4;3.45
123;4;3.65
124;4;3.3
125;4;3.45
126;4;3.35
127;4;3.75
128;4;3.6
129;4;3.3
130;4;3.6
131;4;3.8
132;4;3.35
133;4;3.55
134;4;3.3
135;4;3.35
136;4;3.35
137;4;3.45
138;4;3.55
139;4;3.3
140;4;3.3
141;4;3.25
142;4;3.35
143;4;3.25
144;4;3.3
145;4;3.6
146;4;3.65
147;4;3.25
148;4;3.5
149;4;3.15
150;4;3.45
151;4;3.25
152;4;3.5
153;4;3.45
154;4;3.45
155;4;3.4
156;4;3.3
157;4;3.6
158;4;3.5
159;4;3.35
160;4;3.65
161;4;3.5
162;4;3.3
163;4;3.45
164;4;3.4
165;4;3.4
166;4;3.7
167;4;3.5
168;4;3.25
169;4;3.55
170;4;3.65
171;4;3.65
172;4;3.5
173;4;3.65
174;4;3.45
175;4;3.45
176;4;3.6
177;4;3.6
178;4;3.3
179;4;3.25
180;4;3.35
181;4;3.5
182;4;3.45
183;4;3.35
184;4;3.2
185;4;3.3
186;4;3.35
187;4;3.35
188;4;3.3
189;4;3.35
190;4;3.35
191;4;3.45
192;4;3.35
193;4;3.25
194;4;3.2
195;4;3.1
196;4;3.25
197;4;3.2
198;4;3.5
199;4;3.15
200;4;3.35
201;4;3.2
202;4;3.8
203;4;3.4
204;4;3.25
205;4;3.2
206;4;3.3
207;4;3.35
208;4;3.25
209;4;3.15
210;4;3.2
211;4;3.25
212;4;3.35
213;4;3.55
214;4;3.3
215;4;3.35
216;4;3.3
217;4;3.3
218;4;3.3
219;4;3.45
220;4;3.2
221;4;3.8
222;4;3.25
223;4;3.4
224;4;3.25
225;4;3.5
226;4;3.4
227;4;3.35
228;4;3.25
229;4;3.35
230;4;3.15
231;4;3.25
232;4;3.4
233;4;3.2
234;4;3.3
235;4;3.5
236;4;3.45
237;4;3.3
238;4;3.35
239;4;3.35
240;4;3.45
241;4;3.35
242;4;3.35
243;4;3.45
244;4;3.35
245;4;3.4
246;4;3.2
247;4;3.45
248;4;3.4
249;4;3.5
250;4;3.25
251;4;3.4
252;4;3.45
253;4;3.5
254;4;3.8
255;4;3.35
256;4;3.6
257;4;3.4
258;4;3.5
259;4;3.4
260;4;3.2
261;4;3.5
262;4;3.25
263;4;3.45
264;4;3.55
265;4;3.4
266;4;3.4
267;4;3.65
268;4;3.5
269;4;3.4
270;4;3.35
271;4;3.65
272;4;3.65
273;4;3.65
274;4;3.25
275;4;3.45
276;4;3.5
277;4;3.25
278;4;3.5
279;4;3.2
280;4;3.55
281;4;3.5
282;4;3.35
283;4;3.5
284;4;3.45
285;4;3.3
286;4;3.35
287;4;3.55
288;4;3.35
289;4;3.45
290;4;3.4
291;4;3.35
292;4;3.4
293;4;3.45
294;4;3.85
295;4;3.5
296;4;3.35
297;4;3.45
298;4;3.3
299;4;3.6
300;4;3.3
301;4;3.35
302;4;3.3
303;4;3.4
304;4;3.5
305;4;3.4
306;4;3.5
307;4;3.4
308;4;3.25
309;4;3.4
310;4;3.6
311;4;3.4
312;4;3.15
313;4;3.25
Meranie: 15
0;2;1.25
1;2;1.6
2;2;1.95
3;3;2.15
4;3;2.2
5;3;2.25
6;4;2.3
7;4;2.45
8;4;2.45
9;4;2.45
10;4;2.5
11;4;2.55
12;4;2.55
13;4;2.55
14;4;2.55
15;4;2.55
16;4;2.6
17;4;2.65
18;4;2.7
19;4;2.7
20;4;2.65
21;4;2.65
22;4;2.65
23;4;2.75
24;4;2.7
25;4;2.7
26;4;2.75
27;4;2.95
28;4;2.8
29;4;2.95
30;4;2.65
31;4;2.75
32;4;2.6
33;4;2.75
34;4;2.75
Meranie: 16
0;2;1.6
1;2;2.1
2;3;2.15
3;3;2.15
4;3;2.2
5;3;2.2
6;3;2.3
7;3;2.35
8;4;2.45
9;4;2.5
10;4;2.5
11;4;2.5
12;4;2.5
13;4;2.5
14;4;2.5
15;4;2.6
16;4;2.6
17;4;2.6
18;4;2.6
19;4;2.65
20;4;2.45
21;4;2.8
22;4;2.7
23;4;2.65
24;4;2.65
25;4;2.75
26;4;2.7
27;4;2.65
28;4;2.7
29;4;2.8
30;4;2.75
31;4;2.65
32;4;2.65
33;4;2.7
34;4;2.7
35;4;2.9
36;4;2.8
37;4;2.75
38;4;2.7
39;4;2.75
40;4;2.75
41;4;2.8
42;4;2.9
43;4;2.8
44;4;2.85
45;4;2.85
46;4;2.75
47;4;2.75
48;4;2.9
49;4;2.75
50;4;2.85
51;4;2.85
52;4;3.0
53;4;2.85
54;4;2.9
55;4;2.85
56;4;2.9
57;4;2.85
58;4;2.85
59;4;2.85
60;4;2.85
61;4;2.8
62;4;2.95
63;4;3.15
64;4;3.1
65;4;3.0
66;4;3.25
67;4;3.25
68;4;3.3
69;4;3.3
70;4;3.2
71;4;3.3
72;4;3.35
73;4;3.25
74;4;3.2
75;4;3.25
76;4;3.25
77;4;3.25
78;4;3.3
79;4;3.6
80;4;3.6
81;4;3.7
82;4;3.85
83;4;3.8
84;4;3.9
85;4;3.8
86;4;3.85
87;4;4.0
88;4;3.9
89;4;4.05
90;4;3.95
91;4;4.1
92;4;4.05
93;4;4.1
94;4;3.9
95;4;4.15
96;4;4.2
97;4;4.2
98;4;4.0
99;4;4.1
100;4;3.9
101;4;3.85
102;4;3.9
103;4;4.05
104;4;4.2
105;4;4.15
106;4;4.2
107;4;4.2
108;4;4.2
109;4;4.2
110;4;4.2
Meranie: 17
0;2;1.6
1;2;2.1
2;2;2.1
3;2;2.05
4;3;2.15
5;3;2.25
6;3;2.3
7;3;2.4
8;3;2.4
9;3;2.45
10;3;2.5
11;3;2.55
12;3;2.6
13;3;2.65
14;3;2.65
15;3;2.65
16;3;2.65
17;3;2.7
18;3;2.7
19;3;2.75
20;3;2.65
21;4;2.75
22;4;2.7
23;4;2.65
24;4;2.7
25;4;2.75
26;4;2.75
27;4;2.8
28;4;2.8
29;4;2.8
30;4;2.7
31;4;2.8
32;4;2.95
33;4;2.8
34;4;2.7
35;4;2.8
36;4;2.9
37;4;2.8
38;4;2.85
39;4;3.1
40;4;2.9
41;4;2.9
42;4;2.95
43;4;2.95
44;4;2.95
45;4;2.95
46;4;3.1
47;4;3.05
48;4;3.2
49;4;3.05
50;4;3.05
51;4;3.1
52;4;3.15
53;4;3.15
54;4;3.05
55;4;3.1
56;4;3.15
57;4;3.05
58;4;3.1
59;4;3.05
60;4;3.05
61;4;3.1
62;4;3.05
63;4;3.15
64;4;3.1
65;4;3.05
66;4;3.2
67;4;3.1
68;4;3.25
69;4;3.15
70;4;3.15
71;4;3.15
72;4;3.2
73;4;3.15
74;4;3.15
75;4;3.15
76;4;3.25
77;4;3.15
78;4;3.1
79;4;3.15
80;4;3.1
81;4;3.1
82;4;3.3
83;4;3.1
84;4;3.15
85;4;3.15
86;4;2.95
87;4;3.1
88;4;3.15
89;4;3.2
90;4;3.2
91;4;3.15
92;4;3.1
93;4;3.15
94;4;3.2
95;4;3.1
96;4;3.15
97;4;3.3
98;4;3.05
99;4;3.15
100;4;2.9
101;4;3.25
102;4;3.25
103;4;3.1
104;4;3.3
105;4;3.1
106;4;3.1
107;4;3.0
108;4;3.35
109;4;3.3
110;4;3.1
111;4;3.1
112;4;3.15
113;4;3.25
114;4;3.25
115;4;3.25
116;4;3.3
117;4;3.15
118;4;3.1
119;4;3.15
120;4;3.15
121;4;3.15
122;4;3.2
123;4;3.1
124;4;3.1
125;4;3.2
126;4;2.95
127;4;3.2
128;4;3.15
129;4;3.25
130;4;3.15
131;4;3.3
132;4;3.1
133;4;3.15
134;4;3.2
135;4;3.15
136;4;3.35
137;4;3.3
138;4;3.15
139;4;3.15
140;4;3.2
141;4;3.2
142;4;3.15
143;4;3.1
144;4;3.1
145;4;3.25
146;4;3.1
147;4;3.0
148;4;3.15
149;4;3.15
150;4;3.1
151;4;3.15
152;4;3.35
153;4;3.25
154;4;3.1
155;4;3.2
156;4;3.25
157;4;3.2
158;4;3.2
159;4;3.2
160;4;3.2
161;4;3.25
162;4;3.15
163;4;3.15
164;4;3.15
165;4;3.25
166;4;3.15
167;4;3.1
168;4;3.2
169;4;3.4
170;4;3.25
171;4;3.1
172;4;3.2
173;4;3.1
174;4;3.15
175;4;3.25
176;4;3.15
177;4;3.15
178;4;3.3
179;4;3.1
180;4;3.1
181;4;3.1
182;4;3.15
183;4;3.1
184;4;3.2
185;4;3.2
186;4;3.1
187;4;3.15
188;4;3.15
189;4;3.2
190;4;3.2
191;4;3.1
192;4;3.25
193;4;3.3
194;4;3.1
195;4;3.1
196;4;3.15
197;4;3.3
198;4;3.15
199;4;3.15
200;4;3.15
201;4;3.2
202;4;3.25
203;4;3.2
204;4;3.15
205;4;3.15
206;4;3.1
207;4;3.15
208;4;3.15
209;4;3.15
210;4;3.2
211;4;3.15
212;4;3.1
213;4;3.1
214;4;3.15
215;4;3.35
216;4;3.1
217;4;3.1
218;4;3.25
219;4;3.3
220;4;3.15
221;4;3.2
222;4;3.1
223;4;3.15
224;4;3.1
225;4;3.1
226;4;3.15
227;4;3.15
228;4;3.1
229;4;3.2
230;4;3.3
231;4;3.15
232;4;3.25
233;4;3.15
234;4;3.15
235;4;3.15
236;4;3.15
237;4;3.1
238;4;3.35
239;4;3.15
240;4;3.15
241;4;3.35
242;4;3.2
243;4;3.25
244;4;3.15
245;4;3.2
246;4;3.1
247;4;3.2
248;4;3.15
249;4;3.2
250;4;3.3
251;4;3.2
252;4;3.2
253;4;3.4
254;4;3.3
255;4;3.15
256;4;3.3
257;4;3.15
258;4;3.15
259;4;3.15
260;4;3.2
261;4;3.15
262;4;3.1
263;4;3.2
264;4;3.25
265;4;3.1
266;4;3.3
267;4;3.2
268;4;3.15
269;4;3.15
270;4;3.2
271;4;3.1
272;4;3.2
Meranie: 18
0;2;1.6
1;2;2.05
2;2;2.1
3;2;2.1
4;3;2.15
5;3;2.15
6;3;2.15
7;3;2.25
8;3;2.25
9;3;2.25
10;3;2.25
11;3;2.25
Meranie: 19
0;3;1.55
1;3;1.95
2;3;1.9
3;3;2.2
4;3;2.1
5;3;2.25
6;3;2.25
7;3;2.35
8;3;2.35
9;3;2.35
10;3;2.35
11;3;2.4
12;3;2.5
13;3;2.6
14;3;2.55
15;3;2.65
16;3;2.6
17;3;2.6
18;3;2.6
19;3;2.75
20;3;2.6
21;3;2.65
22;3;2.65
23;3;2.65
24;3;2.65
25;3;2.6
26;4;2.8
27;4;2.65
28;4;2.75
29;4;2.75
30;4;2.8
31;4;2.95
32;4;2.7
33;4;2.75
34;4;2.9
35;4;2.85
36;4;2.7
37;4;2.9
38;4;2.95
39;4;2.85
40;4;2.75
41;4;2.7
42;4;2.8
43;4;2.75
44;4;2.8
45;4;2.75
46;4;2.7
47;4;2.75
48;4;2.8
49;4;2.8
50;4;2.9
51;4;2.85
52;4;2.85
53;4;2.95
54;4;2.8
55;4;3.0
56;4;3.1
57;4;3.15
58;4;3.15
59;4;3.05
60;4;3.05
61;4;3.2
62;4;3.1
63;4;3.05
64;4;3.15
65;4;3.2
66;4;3.15
67;4;3.2
68;4;3.1
69;4;3.25
70;4;3.15
71;4;3.1
72;4;3.15
73;4;3.05
74;4;3.05
75;4;3.15
76;4;3.1
77;4;3.25
78;4;3.3
79;4;3.2
80;4;3.3
81;4;3.15
82;4;3.15
83;4;3.2
84;4;3.1
85;4;3.2
86;4;3.2
87;4;3.15
88;4;3.25
89;4;3.2
90;4;3.15
91;4;3.1
92;4;3.2
93;4;3.25
94;4;3.2
95;4;3.1
96;4;3.25
97;4;3.2
98;4;3.15
99;4;3.25
100;4;3.2
101;4;3.15
102;4;3.2
103;4;3.2
104;4;3.5
105;4;3.3
106;4;3.2
107;4;3.2
108;4;3.25
109;4;3.1
110;4;3.25
111;4;3.2
112;4;3.25
113;4;3.2
114;4;3.25
115;4;3.15
Meranie: 20
0;2;1.6
1;2;2.1
2;2;1.95
3;2;2.1
4;2;2.1
5;2;2.1
6;3;2.2
7;3;2.25
8;3;2.25
9;3;2.25
10;3;2.35
11;3;2.4
12;3;2.4
13;3;2.4
14;3;2.25
15;3;2.45
16;3;2.6
17;3;2.65
18;4;2.75
19;4;2.65
20;4;2.65
21;4;2.65
22;4;2.65
23;4;2.7
24;4;2.75
25;4;2.9
26;4;2.95
27;4;2.8
28;4;2.8
29;4;2.7
30;4;2.75
31;4;2.8
32;4;2.8
33;4;2.85
34;4;2.7
35;4;2.9
36;4;2.75
37;4;2.85
38;4;2.85
39;4;2.85
40;4;2.75
41;4;2.75
42;4;2.8
43;4;2.8
44;4;2.85
45;4;2.85
46;4;2.9
47;4;2.9
48;4;2.85
49;4;2.9
50;4;2.9
51;4;2.9
52;4;2.9
53;4;3.0
54;4;2.85
55;4;2.95
56;4;2.95
